136254  133522  131632  1
14140.9  13127.2  11305.9  2
18797.3  17525.8  15790.4  3
18625.4  17835.1  16185.6  4
19381.5  18539.5  16924.4  5
19518.9  18745.7  16976  6
19707.9  18917.5  17199.3  7
20034.4  19295.5  17491.4  8
20103.1  19295.5  17543  9
19501.7  18762.9  16958.8  10
19450.2  18728.5  16821.3  11
19484.5  18625.4  17336.8  12
20103.1  19175.3  17560.1  13
19896.9  19020.6  17336.8  14
19845.4  18573.9  17354  15
19862.6  19037.8  17250.9  16
20446.7  19656.4  17869.4  17
20567  19707.9  18006.9  18
20326.5  19467.4  17800.7  19
19793.8  18986.3  17302.4  20
20378  19501.7  18213.1  21
19965.6  19295.5  17817.9  22
20154.6  19484.5  17697.6  23
18866  18092.8  16254.3  24
17749.1  16890  15584.2  25
19244  18470.8  17061.9  26
19604.8  18797.3  16924.4  27
19948.5  19123.7  17886.6  28
20085.9  19278.4  17543  29
19244  18505.2  16821.3  30
19793.8  18573.9  16701  31
18934.7  18092.8  16701  32
20223.4  19450.2  17663.2  33
19948.5  19244  17439.9  34
19398.6  18608.3  16890  35
20171.8  19329.9  17543  36
19914.1  19037.8  17250.9  37
20206.2  19415.8  17714.8  38
20017.2  19123.7  17388.3  39
19742.3  19123.7  17302.4  40
20635.7  19707.9  18024.1  41
19690.7  18917.5  17199.3  42
20051.6  19244  17491.4  43
20068.7  19329.9  17439.9  44
19811  19020.6  17336.8  45
20154.6  18934.7  17663.2  46
20051.6  19226.8  17457.1  47
19965.6  19089.4  17800.7  48
19673.5  19175.3  17543  49
19501.7  18728.5  16924.4  50
19398.6  18573.9  17233.7  51
19639.2  18866  16976  52
19089.4  18195.9  16512  53
17972.5  17268  15927.8  54
19347.1  18608.3  16890  55
19587.6  18642.6  16941.6  56
19948.5  19072.2  17182.1  57
19948.5  18677  17388.3  58
19914.1  18711.3  17405.5  59
19433  18505.2  16872.9  60
19845.4  19140.9  17388.3  61
19707.9  18453.6  17182.1  62
20584.2  19381.5  18110  63
20567  19828.2  18024.1  64
19536.1  18711.3  17044.7  65
20532.7  19604.8  17921  66
19845.4  18711.3  17285.2  67
20051.6  19226.8  17508.6  68
20635.7  18934.7  18110  69
18900.4  18092.8  16787  70
19656.4  18814.4  17457.1  71
20274.9  19433  18178.7  72
19896.9  19072.2  17285.2  73
20463.9  19639.2  16718.2  74
19759.5  19020.6  17233.7  75
20000  19226.8  17422.7  76
20051.6  19278.4  17577.3  77
19690.7  18934.7  17182.1  78
20154.6  19192.4  16615.1  79
19965.6  18780.1  17027.5  80
19725.1  18951.9  17182.1  81
19037.8  17835.1  16151.2  82
17233.7  16408.9  14707.9  83
18213.1  17354  15687.3  84
19639.2  18917.5  17182.1  85
19604.8  18848.8  17130.6  86
19690.7  18917.5  17233.7  87
641649  642577  641203  88
20584.2  19329.9  17921  89
19501.7  18659.8  17388.3  90
19776.6  19072.2  17336.8  91
19914.1  19072.2  17388.3  92
20687.3  19845.4  18178.7  93
20463.9  19604.8  18264.6  94
19948.5  19089.4  17302.4  95
19948.5  19089.4  17336.8  96
20171.8  19433  17560.1  97
19329.9  18488  16718.2  98
19896.9  19123.7  17302.4  99
19639.2  18866  17147.8  100
20000  18711.3  17439.9  101
19811  18969.1  17250.9  102
19175.3  18402.1  880962  103
22714.8  21477.7  20171.8  104
19587.6  18814.4  17182.1  105
19433  18539.5  16563.6  106
19123.7  18350.5  16632.3  107
20154.6  18883.2  17147.8  108
18900.4  18075.6  16357.4  109
17525.8  16752.6  14948.5  110
19501.7  18728.5  16941.6  111
18848.8  18058.4  16769.8  112
19914.1  19072.2  17285.2  113
20000  19072.2  17439.9  114
19656.4  19037.8  17147.8  115
19793.8  18505.2  16855.7  116
19450.2  18659.8  17354  117
19776.6  18917.5  17113.4  118
19845.4  19020.6  17250.9  119
19656.4  18814.4  17061.9  120
20017.2  19072.2  17817.9  121
20103.1  19329.9  17955.3  122
20120.3  19226.8  17491.4  123
19845.4  19089.4  17354  124
19553.3  18831.6  17096.2  125
18419.3  17594.5  15773.2  126
20240.6  19450.2  17714.8  127
19725.1  18917.5  17611.7  128
20154.6  19501.7  17543  129
19811  18969.1  17354  130
20085.9  19295.5  17491.4  131
19398.6  18625.4  16752.6  132
20549.8  19656.4  18092.8  133
20120.3  19244  17543  134
20120.3  19226.8  18024.1  135
19518.9  18659.8  16872.9  136
20309.3  19484.5  17800.7  137
19707.9  18453.6  17182.1  138
17354  16391.8  14759.5  139
18024.1  17113.4  15893.5  140
19570.5  18711.3  16872.9  141
19295.5  18505.2  17199.3  142
20309.3  19484.5  17869.4  143
20034.4  19192.4  17405.5  144
19639.2  18419.3  16683.9  145
19158.1  18350.5  16563.6  146
19501.7  18711.3  16993.1  147
20051.6  19123.7  17354  148
19948.5  19072.2  17336.8  149
19845.4  19037.8  17285.2  150
21030.9  20206.2  18488  151
19811  18934.7  17250.9  152
20068.7  19226.8  17921  153
19793.8  19072.2  17336.8  154
19948.5  19226.8  17457.1  155
19845.4  19055  17285.2  156
19484.5  18728.5  16993.1  157
20189  19433  17560.1  158
20360.8  19536.1  17766.3  159
19707.9  18866  17182.1  160
19862.6  18986.3  17285.2  161
19450.2  18625.4  16872.9  162
20223.4  19244  17422.7  163
19329.9  18573.9  16769.8  164
19948.5  19072.2  17439.9  165
19037.8  16305.9  14570.5  166
16529.2  15773.2  13350.5  167
18264.6  17439.9  15635.7  168
20360.8  19467.4  17817.9  169
19811  18556.7  17216.5  170
19896.9  19003.4  17233.7  171
19415.8  18556.7  17250.9  172
20103.1  19226.8  17405.5  173
20051.6  19244  17543  174
19948.5  19123.7  17405.5  175
20446.7  19175.3  17491.4  176
19811  18556.7  17182.1  177
21237.1  19914.1  18625.4  178
20017.2  19123.7  17852.2  179
19776.6  18539.5  17216.5  180
-1.71618e+07  -1.71631e+07  17697.6  181
677732  677045  675498  182
20515.5  19192.4  17938.2  183
19450.2  18659.8  16872.9  184
19811  18917.5  17302.4  185
19690.7  18831.6  17130.6  186
20154.6  18866  17525.8  187
20378  19089.4  17766.3  188
20206.2  19312.7  17646.1  189
20223.4  19501.7  17646.1  190
20034.4  19037.8  17336.8  191
20206.2  18969.1  17663.2  192
19982.8  19158.1  17611.7  193
18333.3  17525.8  16168.4  194
17147.8  16597.9  14089.4  195
18642.6  17835.1  16048.1  196
20206.2  19381.5  17543  197
19639.2  18831.6  17130.6  198
19707.9  18866  17199.3  199
19587.6  18780.1  16976  200
19278.4  18453.6  16769.8  201
19106.5  18247.4  16460.5  202
19948.5  19072.2  17302.4  203
19656.4  18883.2  17130.6  204
19742.3  18367.7  17096.2  205
19811  18917.5  17302.4  206
20017.2  18711.3  17336.8  207
20120.3  19175.3  17869.4  208
19622  18831.6  17010.3  209
19278.4  17732  15893.5  210
19811  18986.3  17285.2  211
20206.2  18917.5  17543  212
20618.6  19793.8  18075.6  213
19862.6  19089.4  17405.5  214
18951.9  208076  880137  215
22749.1  22268  20738.8  216
22130.6  21615.1  20601.4  217
21769.8  21237.1  20189  218
22044.7  21134  20017.2  219
21116.8  20137.5  19072.2  220
21735.4  21546.4  19656.4  221
21065.3  20103.1  19055  222
20051.6  19055  18058.4  223
