activating emitter
receiver19.86035e-315receiver24.68113e+264receiver36.38089e-75
492.213  490.48  488.576  0
1  4.35836e-314  8.0319e+264  0  0  0 0  
2  70.3161  6.88449e+264  69.7966  492.213  490.48 488.576  
receiver1492.213receiver2490.48receiver3488.576
receiver1492.213receiver2490.48receiver3488.576
13.2419  12.5729  11.681  1
1  140.632  5.73707e+264  139.593  492.213  490.48 488.576  
2  122.434  4.91749e+264  121.32  13.2419  12.5729 11.681  
receiver113.2419receiver212.5729receiver311.681
receiver113.2419receiver212.5729receiver311.681
19.0909  18.2847  17.41  2
1  104.235  4.09791e+264  103.047  13.2419  12.5729 11.681  
2  92.0715  3.51249e+264  90.813  19.0909  18.2847 17.41  
receiver119.0909receiver218.2847receiver317.41
receiver119.0909receiver218.2847receiver317.41
20.4631  19.8285  19.0566  3
1  79.9081  2.92708e+264  78.5792  19.0909  18.2847 17.41  
2  71.416  2.50892e+264  70.076  20.4631  19.8285 19.0566  
receiver120.4631receiver219.8285receiver319.0566
receiver120.4631receiver219.8285receiver319.0566
21.2007  19.9829  19.5883  4
1  62.9238  2.09077e+264  61.5727  20.4631  19.8285 19.0566  
2  56.9634  1.79209e+264  55.575  21.2007  19.9829 19.5883  
receiver121.2007receiver219.9829receiver319.5883
receiver121.2007receiver219.9829receiver319.5883
21.8353  21.1321  20.2916  5
1  51.0029  1.49341e+264  49.5772  21.2007  19.9829 19.5883  
2  46.8361  1.28006e+264  45.3935  21.8353  21.1321 20.2916  
receiver121.8353receiver221.1321receiver320.2916
receiver121.8353receiver221.1321receiver320.2916
22.7616  21.7324  21.2865  6
1  42.6693  1.06672e+264  41.2099  21.8353  21.1321 20.2916  
2  39.8254  9.14331e+263  38.3637  22.7616  21.7324 21.2865  
receiver122.7616receiver221.7324receiver321.2865
receiver122.7616receiver221.7324receiver321.2865
20.7204  20.4974  19.1081  7
1  36.9814  7.61943e+263  35.5175  22.7616  21.7324 21.2865  
2  34.6584  6.53094e+263  33.1733  20.7204  20.4974 19.1081  
receiver120.7204receiver220.4974receiver319.1081
receiver120.7204receiver220.4974receiver319.1081
18.4391  17.7187  16.8611  8
1  32.3354  5.44245e+263  30.8291  20.7204  20.4974 19.1081  
2  30.3502  4.66495e+263  28.8336  18.4391  17.7187 16.8611  
receiver118.4391receiver217.7187receiver316.8611
receiver118.4391receiver217.7187receiver316.8611
20.3259  19.5712  18.7479  9
1  28.365  3.88746e+263  26.8382  18.4391  17.7187 16.8611  
2  27.2166  3.33211e+263  25.6825  20.3259  19.5712 18.7479  
receiver120.3259receiver219.5712receiver318.7479
receiver120.3259receiver219.5712receiver318.7479
21.1492  19.9829  19.5197  10
1  26.0681  2.77676e+263  24.5267  20.3259  19.5712 18.7479  
2  25.3654  2.38008e+263  23.8114  21.1492  19.9829 19.5197  
receiver121.1492receiver219.9829receiver319.5197
receiver121.1492receiver219.9829receiver319.5197
19.8456  19.1081  18.2333  11
1  24.6627  1.9834e+263  23.0961  21.1492  19.9829 19.5197  
2  23.9746  1.70006e+263  22.4014  19.8456  19.1081 18.2333  
receiver119.8456receiver219.1081receiver318.2333
receiver119.8456receiver219.1081receiver318.2333
21.0635  20.0343  19.5712  12
1  23.2864  1.41671e+263  21.7067  19.8456  19.1081 18.2333  
2  22.9689  1.21433e+263  21.4017  21.0635  20.0343 19.5712  
receiver121.0635receiver220.0343receiver319.5712
receiver121.0635receiver220.0343receiver319.5712
22.1098  21.0292  20.5317  13
1  22.6513  1.01194e+263  21.0966  21.0635  20.0343 19.5712  
2  22.5739  8.67376e+262  21.0159  22.1098  21.0292 20.5317  
receiver122.1098receiver221.0292receiver320.5317
receiver122.1098receiver221.0292receiver320.5317
21.8182  21.0292  20.2573  14
1  22.4966  7.22813e+262  20.9352  22.1098  21.0292 20.5317  
2  22.3997  6.19554e+262  20.8384  21.8182  21.0292 20.2573  
receiver121.8182receiver221.0292receiver320.2573
receiver121.8182receiver221.0292receiver320.2573
20.6347  19.8456  19.0052  15
1  22.3028  5.16295e+262  20.7415  21.8182  21.0292 20.2573  
2  22.0645  4.42539e+262  20.4935  20.6347  19.8456 19.0052  
receiver120.6347receiver219.8456receiver319.0052
receiver120.6347receiver219.8456receiver319.0052
22.7787  21.5952  21.1835  16
1  21.8262  3.68782e+262  20.2454  20.6347  19.8456 19.0052  
2  21.9622  3.16099e+262  20.3794  22.7787  21.5952 21.1835  
receiver122.7787receiver221.5952receiver321.1835
receiver122.7787receiver221.5952receiver321.1835
20.4631  19.8456  18.9537  17
1  22.0983  2.63416e+262  20.5134  22.7787  21.5952 21.1835  
2  21.8647  2.25785e+262  20.2906  20.4631  19.8456 18.9537  
receiver120.4631receiver219.8456receiver318.9537
receiver120.4631receiver219.8456receiver318.9537
21.5781  20.8748  20  18
1  21.6311  1.88154e+262  20.0678  20.4631  19.8456 18.9537  
2  21.6235  1.61275e+262  20.0581  21.5781  20.8748 20  
receiver121.5781receiver220.8748receiver320
receiver121.5781receiver220.8748receiver320
20.9777  19.8285  19.4683  19
1  21.616  1.34396e+262  20.0484  21.5781  20.8748 20  
2  21.5248  1.15196e+262  19.9656  20.9777  19.8285 19.4683  
receiver120.9777receiver219.8285receiver319.4683
receiver120.9777receiver219.8285receiver319.4683
21.1492  20.0343  19.5883  20
1  21.4336  9.5997e+261  19.8827  20.9777  19.8285 19.4683  
2  21.393  8.22832e+261  19.8406  21.1492  20.0343 19.5883  
receiver121.1492receiver220.0343receiver319.5883
receiver121.1492receiver220.0343receiver319.5883
21.2865  20.2401  19.7256  21
1  21.3524  6.85693e+261  19.7986  21.1492  20.0343 19.5883  
2  21.3429  5.87737e+261  19.7882  21.2865  20.2401 19.7256  
receiver121.2865receiver220.2401receiver319.7256
receiver121.2865receiver220.2401receiver319.7256
21.2865  19.9829  19.4683  22
1  21.3335  4.89781e+261  19.7777  21.2865  20.2401 19.7256  
2  21.3268  4.19812e+261  19.7335  21.2865  19.9829 19.4683  
receiver121.2865receiver219.9829receiver319.4683
receiver121.2865receiver219.9829receiver319.4683
20.9263  20.2058  19.4683  23
1  21.3201  3.49843e+261  19.6893  21.2865  19.9829 19.4683  
2  21.2638  2.99866e+261  19.6577  20.9263  20.2058 19.4683  
receiver120.9263receiver220.2058receiver319.4683
receiver120.9263receiver220.2058receiver319.4683
21.8525  20.7204  20.2058  24
1  21.2076  2.49888e+261  19.6262  20.9263  20.2058 19.4683  
2  21.2997  2.1419e+261  19.709  21.8525  20.7204 20.2058  
receiver121.8525receiver220.7204receiver320.2058
receiver121.8525receiver220.7204receiver320.2058
22.1098  20.8062  20.446  25
1  21.3918  1.78492e+261  19.7918  21.8525  20.7204 20.2058  
2  21.4944  1.52993e+261  19.8852  22.1098  20.8062 20.446  
receiver122.1098receiver220.8062receiver320.446
receiver122.1098receiver220.8062receiver320.446
19.4168  18.765  17.9245  26
1  21.597  1.27494e+261  19.9787  22.1098  20.8062 20.446  
2  21.2855  1.09281e+261  19.6852  19.4168  18.765 17.9245  
receiver119.4168receiver218.765receiver317.9245
receiver119.4168receiver218.765receiver317.9245
22.4528  21.3379  21.0292  27
1  20.9741  9.10671e+260  19.3918  19.4168  18.765 17.9245  
2  21.1853  7.80575e+260  19.6257  22.4528  21.3379 21.0292  
receiver122.4528receiver221.3379receiver321.0292
receiver122.4528receiver221.3379receiver321.0292
22.5558  21.8525  21.0806  28
1  21.3966  6.50479e+260  19.8596  22.4528  21.3379 21.0292  
2  21.5622  5.57554e+260  20.034  22.5558  21.8525 21.0806  
receiver122.5558receiver221.8525receiver321.0806
receiver122.5558receiver221.8525receiver321.0806
21.8525  21.0463  20.2573  29
1  21.7278  4.64628e+260  20.2085  22.5558  21.8525 21.0806  
2  21.7456  3.98253e+260  20.2154  21.8525  21.0463 20.2573  
receiver121.8525receiver221.0463receiver320.2573
receiver121.8525receiver221.0463receiver320.2573
21.1149  20.5489  19.7427  30
1  21.7634  3.31877e+260  20.2224  21.8525  21.0463 20.2573  
2  21.6708  2.84466e+260  20.1539  21.1149  20.5489 19.7427  
receiver121.1149receiver220.5489receiver319.7427
receiver121.1149receiver220.5489receiver319.7427
21.2178  20.566  19.777  31
1  21.5781  2.37055e+260  20.0854  21.1149  20.5489 19.7427  
2  21.5267  2.0319e+260  20.0413  21.2178  20.566 19.777  
receiver121.2178receiver220.566receiver319.777
receiver121.2178receiver220.566receiver319.777
21.7324  20.5146  20.1029  32
1  21.4752  1.69325e+260  19.9973  21.2178  20.566 19.777  
2  21.5119  1.45136e+260  20.0124  21.7324  20.5146 20.1029  
receiver121.7324receiver220.5146receiver320.1029
receiver121.7324receiver220.5146receiver320.1029
20.2573  19.4854  18.7136  33
1  21.5487  1.20947e+260  20.0275  21.7324  20.5146 20.1029  
2  21.3642  1.03668e+260  19.8398  20.2573  19.4854 18.7136  
receiver120.2573receiver219.4854receiver318.7136
receiver120.2573receiver219.4854receiver318.7136
21.2865  20.5146  19.7942  34
1  21.1797  8.63904e+259  19.6521  20.2573  19.4854 18.7136  
2  21.195  7.40489e+259  19.6724  21.2865  20.5146 19.7942  
receiver121.2865receiver220.5146receiver319.7942
receiver121.2865receiver220.5146receiver319.7942
22.0412  20.9606  20.6004  35
1  21.2102  6.17074e+259  19.6927  21.2865  20.5146 19.7942  
2  21.3289  5.28921e+259  19.8223  22.0412  20.9606 20.6004  
receiver122.0412receiver220.9606receiver320.6004
receiver122.0412receiver220.9606receiver320.6004
21.5266  21.0806  19.9486  36
1  21.4476  4.40767e+259  19.952  22.0412  20.9606 20.6004  
2  21.4589  3.778e+259  19.9515  21.5266  21.0806 19.9486  
receiver121.5266receiver221.0806receiver319.9486
receiver121.5266receiver221.0806receiver319.9486
15.2316  14.4597  13.6192  37
1  21.4702  3.14834e+259  19.951  21.5266  21.0806 19.9486  
2  20.579  2.69857e+259  19.0465  15.2316  14.4597 13.6192  
receiver115.2316receiver214.4597receiver313.6192
receiver115.2316receiver214.4597receiver313.6192
21.0635  20.3431  19.5883  38
1  19.6877  2.24881e+259  18.1419  15.2316  14.4597 13.6192  
2  19.8843  1.92755e+259  18.3486  21.0635  20.3431 19.5883  
receiver121.0635receiver220.3431receiver319.5883
receiver121.0635receiver220.3431receiver319.5883
20.8576  19.6913  19.2281  39
1  20.0808  1.60629e+259  18.5552  21.0635  20.3431 19.5883  
2  20.1918  1.37682e+259  18.6513  20.8576  19.6913 19.2281  
receiver120.8576receiver219.6913receiver319.2281
receiver120.8576receiver219.6913receiver319.2281
21.3722  20.1887  19.7942  40
1  20.3028  1.14735e+259  18.7475  20.8576  19.6913 19.2281  
2  20.4555  9.83446e+258  18.897  21.3722  20.1887 19.7942  
receiver121.3722receiver220.1887receiver319.7942
receiver121.3722receiver220.1887receiver319.7942
20.7376  20.0858  19.2281  41
1  20.6083  8.19538e+258  19.0465  21.3722  20.1887 19.7942  
2  20.6268  7.02461e+258  19.0725  20.7376  20.0858 19.2281  
receiver120.7376receiver220.0858receiver319.2281
receiver120.7376receiver220.0858receiver319.2281
21.235  20.0515  19.6913  42
1  20.6452  5.85384e+258  19.0984  20.7376  20.0858 19.2281  
2  20.7295  5.01758e+258  19.1831  21.235  20.0515 19.6913  
receiver121.235receiver220.0515receiver319.6913
receiver121.235receiver220.0515receiver319.6913
22.5043  21.4408  21.0292  43
1  20.8137  4.18132e+258  19.2678  21.235  20.0515 19.6913  
2  21.0553  3.58399e+258  19.5194  22.5043  21.4408 21.0292  
receiver122.5043receiver221.4408receiver321.0292
receiver122.5043receiver221.4408receiver321.0292
22.1269  21.4237  20.7376  44
1  21.2968  2.98665e+258  19.771  22.5043  21.4408 21.0292  
2  21.4154  2.55999e+258  19.9091  22.1269  21.4237 20.7376  
receiver122.1269receiver221.4237receiver320.7376
receiver122.1269receiver221.4237receiver320.7376
21.1664  20.1544  19.6913  45
1  21.534  2.13332e+258  20.0472  22.1269  21.4237 20.7376  
2  21.4814  1.82856e+258  19.9963  21.1664  20.1544 19.6913  
receiver121.1664receiver220.1544receiver319.6913
receiver121.1664receiver220.1544receiver319.6913
22.7959  22.1612  21.6981  46
1  21.4289  1.5238e+258  19.9455  21.1664  20.1544 19.6913  
2  21.6242  1.30612e+258  20.1959  22.7959  22.1612 21.6981  
receiver122.7959receiver222.1612receiver321.6981
receiver122.7959receiver222.1612receiver321.6981
22.8988  21.6981  21.3379  47
1  21.8195  1.08843e+258  20.4462  22.7959  22.1612 21.6981  
2  21.9737  9.32941e+257  20.5736  22.8988  21.6981 21.3379  
receiver122.8988receiver221.6981receiver321.3379
receiver122.8988receiver221.6981receiver321.3379
20.4288  19.6913  18.9194  48
1  22.1279  7.77451e+257  20.701  22.8988  21.6981 21.3379  
2  21.8851  6.66386e+257  20.4465  20.4288  19.6913 18.9194  
receiver120.4288receiver219.6913receiver318.9194
receiver120.4288receiver219.6913receiver318.9194
21.4923  20.9263  20.0343  49
1  21.6424  5.55322e+257  20.192  20.4288  19.6913 18.9194  
2  21.621  4.7599e+257  20.1695  21.4923  20.9263 20.0343  
receiver121.4923receiver220.9263receiver320.0343
receiver121.4923receiver220.9263receiver320.0343
21.1835  20.0515  19.6227  50
1  21.5995  3.96658e+257  20.1469  21.4923  20.9263 20.0343  
2  21.5401  3.39993e+257  20.072  21.1835  20.0515 19.6227  
receiver121.1835receiver220.0515receiver319.6227
receiver121.1835receiver220.0515receiver319.6227
21.904  20.8062  20.4117  51
1  21.4807  2.83327e+257  19.9971  21.1835  20.0515 19.6227  
2  21.5411  2.42852e+257  20.0564  21.904  20.8062 20.4117  
receiver121.904receiver220.8062receiver320.4117
receiver121.904receiver220.8062receiver320.4117
21.2865  20.6175  19.777  52
1  21.6016  2.02377e+257  20.1156  21.904  20.8062 20.4117  
2  21.5566  1.73466e+257  20.0672  21.2865  20.6175 19.777  
receiver121.2865receiver220.6175receiver319.777
receiver121.2865receiver220.6175receiver319.777
21.681  21.0463  20.1029  53
1  21.5116  1.44555e+257  20.0188  21.2865  20.6175 19.777  
2  21.5358  1.23904e+257  20.0309  21.681  21.0463 20.1029  
receiver121.681receiver221.0463receiver320.1029
receiver121.681receiver221.0463receiver320.1029
22.1098  21.0292  20.6175  54
1  21.56  1.03253e+257  20.0429  21.681  21.0463 20.1029  
2  21.6385  8.8503e+256  20.125  22.1098  21.0292 20.6175  
receiver122.1098receiver221.0292receiver320.6175
receiver122.1098receiver221.0292receiver320.6175
22.5386  21.801  20.9091  55
1  21.7171  7.37525e+256  20.2071  22.1098  21.0292 20.6175  
2  21.8344  6.32164e+256  20.3073  22.5386  21.801 20.9091  
receiver122.5386receiver221.801receiver320.9091
receiver122.5386receiver221.801receiver320.9091
21.4237  20.3431  19.5197  56
1  21.9518  5.26803e+256  20.4076  22.5386  21.801 20.9091  
2  21.8763  4.51546e+256  20.2808  21.4237  20.3431 19.5197  
receiver121.4237receiver220.3431receiver319.5197
receiver121.4237receiver220.3431receiver319.5197
22.7616  21.6467  21.1664  57
1  21.8009  3.76288e+256  20.1539  21.4237  20.3431 19.5197  
2  21.9381  3.22533e+256  20.2986  22.7616  21.6467 21.1664  
receiver122.7616receiver221.6467receiver321.1664
receiver122.7616receiver221.6467receiver321.1664
22.247  21.1835  20.669  58
1  22.0754  2.68777e+256  20.4432  22.7616  21.6467 21.1664  
2  22.0999  2.3038e+256  20.4755  22.247  21.1835 20.669  
receiver122.247receiver221.1835receiver320.669
receiver122.247receiver221.1835receiver320.669
21.1149  892.401  752.247  59
1  22.1244  1.91984e+256  20.5077  22.247  21.1835 20.669  
2  21.9802  1.64557e+256  125.042  21.1149  892.401 752.247  
receiver121.1149receiver2892.401receiver3752.247
receiver121.1149receiver2892.401receiver3752.247
21.9211  21.1149  20.9091  60
1  21.836  1.37131e+256  229.576  21.1149  892.401 752.247  
2  21.8482  1.17541e+256  199.767  21.9211  21.1149 20.9091  
receiver121.9211receiver221.1149receiver320.9091
receiver121.9211receiver221.1149receiver320.9091
25.9348  25.6089  25.0257  61
1  21.8603  9.79509e+255  169.957  21.9211  21.1149 20.9091  
2  22.4424  8.39579e+255  149.252  25.9348  25.6089 25.0257  
receiver125.9348receiver225.6089receiver325.0257
receiver125.9348receiver225.6089receiver325.0257
25.9863  25.4374  24.94  62
1  23.0245  6.99649e+255  128.548  25.9348  25.6089 25.0257  
2  23.4476  5.99699e+255  113.747  25.9863  25.4374 24.94  
receiver125.9863receiver225.4374receiver324.94
receiver125.9863receiver225.4374receiver324.94
25.6947  25.1458  24.4082  63
1  23.8707  4.99749e+255  98.9457  25.9863  25.4374 24.94  
2  24.1313  4.28357e+255  88.2975  25.6947  25.1458 24.4082  
receiver125.6947receiver225.1458receiver324.4082
receiver125.6947receiver225.1458receiver324.4082
23.9108  23.5335  23.3962  64
1  24.3918  3.56964e+255  77.6493  25.6947  25.1458 24.4082  
2  24.3231  3.05969e+255  69.8989  23.9108  23.5335 23.3962  
receiver123.9108receiver223.5335receiver323.3962
receiver123.9108receiver223.5335receiver323.3962
25.729  25.2659  24.7341  65
1  24.2544  2.54974e+255  62.1484  23.9108  23.5335 23.3962  
2  24.4651  2.18549e+255  56.8035  25.729  25.2659 24.7341  
receiver125.729receiver225.2659receiver324.7341
receiver125.729receiver225.2659receiver324.7341
24.6312  24.2024  23.705  66
1  24.6757  1.82124e+255  51.4586  25.729  25.2659 24.7341  
2  24.6694  1.56107e+255  47.4938  24.6312  24.2024 23.705  
receiver124.6312receiver224.2024receiver323.705
receiver124.6312receiver224.2024receiver323.705
26.0377  25.6432  24.8371  67
1  24.663  1.30089e+255  43.529  24.6312  24.2024 23.705  
2  24.8594  1.11505e+255  40.8587  26.0377  25.6432 24.8371  
receiver126.0377receiver225.6432receiver324.8371
receiver126.0377receiver225.6432receiver324.8371
26.2607  25.8491  25.283  68
1  25.0558  9.29206e+254  38.1885  26.0377  25.6432 24.8371  
2  25.2279  7.96462e+254  36.3448  26.2607  25.8491 25.283  
receiver126.2607receiver225.8491receiver325.283
receiver126.2607receiver225.8491receiver325.283
25.7805  25.6947  25.4717  69
1  25.4001  6.63719e+254  34.5012  26.2607  25.8491 25.283  
2  25.4544  5.68902e+254  33.2113  25.7805  25.6947 25.4717  
receiver125.7805receiver225.6947receiver325.4717
receiver125.7805receiver225.6947receiver325.4717
25.5918  25.1801  24.6484  70
1  25.5087  4.74085e+254  31.9213  25.7805  25.6947 25.4717  
2  25.5206  4.06358e+254  30.8823  25.5918  25.1801 24.6484  
receiver125.5918receiver225.1801receiver324.6484
receiver125.5918receiver225.1801receiver324.6484
25.9005  25.4889  24.9228  71
1  25.5325  3.38632e+254  29.8434  25.5918  25.1801 24.6484  
2  25.585  2.90256e+254  29.1404  25.9005  25.4889 24.9228  
receiver125.9005receiver225.4889receiver324.9228
receiver125.9005receiver225.4889receiver324.9228
25.3688  25.0772  24.4082  72
1  25.6376  2.4188e+254  28.4375  25.9005  25.4889 24.9228  
2  25.5992  2.07326e+254  27.8619  25.3688  25.0772 24.4082  
receiver125.3688receiver225.0772receiver324.4082
receiver125.3688receiver225.0772receiver324.4082
22.4357  22.4014  21.7324  73
1  25.5608  1.72771e+254  27.2863  25.3688  25.0772 24.4082  
2  25.1144  1.4809e+254  26.4929  22.4357  22.4014 21.7324  
receiver122.4357receiver222.4014receiver321.7324
receiver122.4357receiver222.4014receiver321.7324
25.3345  24.9743  24.3739  74
1  24.6679  1.23408e+254  25.6995  22.4357  22.4014 21.7324  
2  24.7631  1.05778e+254  25.5101  25.3345  24.9743 24.3739  
receiver125.3345receiver224.9743receiver324.3739
receiver125.3345receiver224.9743receiver324.3739
25.5575  24.3568  23.5678  75
1  24.8584  8.81487e+253  25.3207  25.3345  24.9743 24.3739  
2  24.9582  7.5556e+253  25.0703  25.5575  24.3568 23.5678  
receiver125.5575receiver224.3568receiver323.5678
receiver125.5575receiver224.3568receiver323.5678
20.2573  19.4683  18.7136  76
1  25.0581  6.29633e+253  24.8199  25.5575  24.3568 23.5678  
2  24.3723  5.39686e+253  23.9476  20.2573  19.4683 18.7136  
receiver120.2573receiver219.4683receiver318.7136
receiver120.2573receiver219.4683receiver318.7136
19.7942  19.1081  18.2333  77
1  23.6865  4.49738e+253  23.0752  20.2573  19.4683 18.7136  
2  23.1304  3.8549e+253  22.3835  19.7942  19.1081 18.2333  
receiver119.7942receiver219.1081receiver318.2333
receiver119.7942receiver219.1081receiver318.2333
20.6175  19.7942  19.0223  78
1  22.5744  3.21242e+253  21.6918  19.7942  19.1081 18.2333  
2  22.2948  2.7535e+253  21.3105  20.6175  19.7942 19.0223  
receiver120.6175receiver219.7942receiver319.0223
receiver120.6175receiver219.7942receiver319.0223
20.7547  20.1544  19.3139  79
1  22.0153  2.29458e+253  20.9291  20.6175  19.7942 19.0223  
2  21.8352  1.96679e+253  20.6984  20.7547  20.1544 19.3139  
receiver120.7547receiver220.1544receiver319.3139
receiver120.7547receiver220.1544receiver319.3139
20.9434  19.8799  19.3825  80
1  21.6551  1.63899e+253  20.4676  20.7547  20.1544 19.3139  
2  21.5534  1.40485e+253  20.3126  20.9434  19.8799 19.3825  
receiver120.9434receiver219.8799receiver319.3825
receiver120.9434receiver219.8799receiver319.3825
21.9211  20.8919  20.4631  81
1  21.4518  1.17071e+253  20.1576  20.9434  19.8799 19.3825  
2  21.5188  1.00346e+253  20.2012  21.9211  20.8919 20.4631  
receiver121.9211receiver220.8919receiver320.4631
receiver121.9211receiver220.8919receiver320.4631
19.657  18.8508  18.0275  82
1  21.5859  8.36218e+252  20.2449  21.9211  20.8919 20.4631  
2  21.3103  7.16758e+252  19.9281  19.657  18.8508 18.0275  
receiver119.657receiver218.8508receiver318.0275
receiver119.657receiver218.8508receiver318.0275
21.4237  20.7719  19.8456  83
1  21.0347  5.97299e+252  19.6113  19.657  18.8508 18.0275  
2  21.0903  5.1197e+252  19.6448  21.4237  20.7719 19.8456  
receiver121.4237receiver220.7719receiver319.8456
receiver121.4237receiver220.7719receiver319.8456
18.7307  17.976  17.1527  84
1  21.1459  4.26642e+252  19.6783  21.4237  20.7719 19.8456  
2  20.8008  3.65693e+252  19.3175  18.7307  17.976 17.1527  
receiver118.7307receiver217.976receiver317.1527
receiver118.7307receiver217.976receiver317.1527
20.3088  19.6741  18.8508  85
1  20.4558  3.04744e+252  18.9567  18.7307  17.976 17.1527  
2  20.4348  2.61209e+252  18.9415  20.3088  19.6741 18.8508  
receiver120.3088receiver219.6741receiver318.8508
receiver120.3088receiver219.6741receiver318.8508
21.1664  20.5832  19.6398  86
1  20.4138  2.17674e+252  18.9264  20.3088  19.6741 18.8508  
2  20.5213  1.86578e+252  19.0283  21.1664  20.5832 19.6398  
receiver121.1664receiver220.5832receiver319.6398
receiver121.1664receiver220.5832receiver319.6398
21.3894  20.669  19.9486  87
1  20.6288  1.55482e+252  19.1302  21.1664  20.5832 19.6398  
2  20.7375  1.3327e+252  19.2471  21.3894  20.669 19.9486  
receiver121.3894receiver220.669receiver319.9486
receiver121.3894receiver220.669receiver319.9486
20.7719  19.9486  19.1252  88
1  20.8461  1.11058e+252  19.364  21.3894  20.669 19.9486  
2  20.8355  9.51929e+251  19.3299  20.7719  19.9486 19.1252  
receiver120.7719receiver219.9486receiver319.1252
receiver120.7719receiver219.9486receiver319.1252
21.801  21.1149  20.1887  89
1  20.8249  7.93274e+251  19.2958  20.7719  19.9486 19.1252  
2  20.9644  6.79949e+251  19.4234  21.801  21.1149 20.1887  
receiver121.801receiver221.1149receiver320.1887
receiver121.801receiver221.1149receiver320.1887
21.5266  20.3431  20.0515  90
1  21.1038  5.66624e+251  19.5509  21.801  21.1149 20.1887  
2  21.1642  4.85678e+251  19.6224  21.5266  20.3431 20.0515  
receiver121.5266receiver220.3431receiver320.0515
receiver121.5266receiver220.3431receiver320.0515
22.0926  21.1149  20.6175  91
1  21.2246  4.04732e+251  19.6939  21.5266  20.3431 20.0515  
2  21.3486  3.46913e+251  19.8259  22.0926  21.1149 20.6175  
receiver122.0926receiver221.1149receiver320.6175
receiver122.0926receiver221.1149receiver320.6175
20.8233  19.7942  19.2624  92
1  21.4726  2.89094e+251  19.9578  22.0926  21.1149 20.6175  
2  21.3799  2.47795e+251  19.8585  20.8233  19.7942 19.2624  
receiver120.8233receiver219.7942receiver319.2624
receiver120.8233receiver219.7942receiver319.2624
18.3534  17.6672  17.307  93
1  21.2871  2.06496e+251  19.7591  20.8233  19.7942 19.2624  
2  20.868  1.76996e+251  19.4088  18.3534  17.6672 17.307  
receiver118.3534receiver217.6672receiver317.307
receiver118.3534receiver217.6672receiver317.307
21.012  19.8799  19.5369  94
1  20.4489  1.47497e+251  19.0585  18.3534  17.6672 17.307  
2  20.5293  1.26426e+251  19.1269  21.012  19.8799 19.5369  
receiver121.012receiver219.8799receiver319.5369
receiver121.012receiver219.8799receiver319.5369
20.6175  19.9486  19.0909  95
1  20.6098  1.05355e+251  19.1952  21.012  19.8799 19.5369  
2  20.6109  9.03043e+250  19.1803  20.6175  19.9486 19.0909  
receiver120.6175receiver219.9486receiver319.0909
receiver120.6175receiver219.9486receiver319.0909
20.7719  19.7427  19.1595  96
1  20.612  7.52536e+250  19.1654  20.6175  19.9486 19.0909  
2  20.6348  6.45031e+250  19.1646  20.7719  19.7427 19.1595  
receiver120.7719receiver219.7427receiver319.1595
receiver120.7719receiver219.7427receiver319.1595
20.7719  20.2058  19.2796  97
1  20.6577  5.37525e+250  19.1637  20.7719  19.7427 19.1595  
2  20.674  4.60736e+250  19.1803  20.7719  20.2058 19.2796  
receiver120.7719receiver220.2058receiver319.2796
receiver120.7719receiver220.2058receiver319.2796
21.2865  20.2401  19.7084  98
1  20.6903  3.83947e+250  19.1968  20.7719  20.2058 19.2796  
2  20.7755  3.29097e+250  19.2699  21.2865  20.2401 19.7084  
receiver121.2865receiver220.2401receiver319.7084
receiver121.2865receiver220.2401receiver319.7084
19.4854  18.8165  17.976  99
1  20.8606  2.74248e+250  19.343  21.2865  20.2401 19.7084  
2  20.6642  2.35069e+250  19.1477  19.4854  18.8165 17.976  
receiver119.4854receiver218.8165receiver317.976
receiver119.4854receiver218.8165receiver317.976
21.7324  20.669  20.3088  100
1  20.4677  1.95891e+250  18.9524  19.4854  18.8165 17.976  
2  20.6484  1.67907e+250  19.1462  21.7324  20.669 20.3088  
receiver121.7324receiver220.669receiver320.3088
receiver121.7324receiver220.669receiver320.3088
21.3894  20.4117  19.9486  101
1  20.8291  1.39922e+250  19.3399  21.7324  20.669 20.3088  
2  20.9091  1.19933e+250  19.4269  21.3894  20.4117 19.9486  
receiver121.3894receiver220.4117receiver319.9486
receiver121.3894receiver220.4117receiver319.9486
22.1612  21.0806  20.6861  102
1  20.9892  9.99445e+249  19.5138  21.3894  20.4117 19.9486  
2  21.1566  8.56667e+249  19.6813  22.1612  21.0806 20.6861  
receiver122.1612receiver221.0806receiver320.6861
receiver122.1612receiver221.0806receiver320.6861
21.8182  20.6518  20.2573  103
1  21.324  7.13889e+249  19.8488  22.1612  21.0806 20.6861  
2  21.3946  6.11905e+249  19.9071  21.8182  20.6518 20.2573  
receiver121.8182receiver220.6518receiver320.2573
receiver121.8182receiver220.6518receiver320.2573
21.1664  20.446  19.6398  104
1  21.4652  5.09921e+249  19.9655  21.8182  20.6518 20.2573  
2  21.4225  4.37075e+249  19.919  21.1664  20.446 19.6398  
receiver121.1664receiver220.446receiver319.6398
receiver121.1664receiver220.446receiver319.6398
21.5437  20.3431  19.9486  105
1  21.3798  3.64229e+249  19.8724  21.1664  20.446 19.6398  
2  21.4033  3.12196e+249  19.8833  21.5437  20.3431 19.9486  
receiver121.5437receiver220.3431receiver319.9486
receiver121.5437receiver220.3431receiver319.9486
21.801  20.7033  20.2573  106
1  21.4267  2.60164e+249  19.8942  21.5437  20.3431 19.9486  
2  21.4802  2.22997e+249  19.9461  21.801  20.7033 20.2573  
receiver121.801receiver220.7033receiver320.2573
receiver121.801receiver220.7033receiver320.2573
20.9263  19.9142  19.3997  107
1  21.5336  1.85831e+249  19.9979  21.801  20.7033 20.2573  
2  21.4469  1.59284e+249  19.9125  20.9263  19.9142 19.3997  
receiver120.9263receiver219.9142receiver319.3997
receiver120.9263receiver219.9142receiver319.3997
21.4751  20.9777  20  108
1  21.3601  1.32737e+249  19.827  20.9263  19.9142 19.3997  
2  21.3765  1.13774e+249  19.8517  21.4751  20.9777 20  
receiver121.4751receiver220.9777receiver320
receiver121.4751receiver220.9777receiver320
21.3894  20.7204  19.8456  109
1  21.393  9.48119e+248  19.8764  21.4751  20.9777 20  
2  21.3925  8.12673e+248  19.872  21.3894  20.7204 19.8456  
receiver121.3894receiver220.7204receiver319.8456
receiver121.3894receiver220.7204receiver319.8456
18.765  18.0789  17.1698  110
1  21.3919  6.77228e+248  19.8676  21.3894  20.7204 19.8456  
2  21.0167  5.80481e+248  19.4822  18.765  18.0789 17.1698  
receiver118.765receiver218.0789receiver317.1698
receiver118.765receiver218.0789receiver317.1698
21.5266  20.789  19.9314  111
1  20.6414  4.83734e+248  19.0968  18.765  18.0789 17.1698  
2  20.7678  4.14629e+248  19.2161  21.5266  20.789 19.9314  
receiver121.5266receiver220.789receiver319.9314
