330.583  -4.90188e-44  -2.18887e-44
17.2041  -4.90188e-44  -2.18887e-44
26.6038  -4.90188e-44  -2.18887e-44
26.4151  -4.90188e-44  -2.18887e-44
26.8439  -4.90188e-44  -2.18887e-44
27.5986  -4.90188e-44  -2.18887e-44
27.6158  -4.90188e-44  -2.18887e-44
27.4786  -4.90188e-44  -2.18887e-44
26.072  -4.90188e-44  -2.18887e-44
26.1235  -4.90188e-44  -2.18887e-44
22.7101  -4.90188e-44  -2.18887e-44
23.4992  -4.90188e-44  -2.18887e-44
26.175  -4.90188e-44  -2.18887e-44
26.4666  -4.90188e-44  -2.18887e-44
27.8902  -4.90188e-44  -2.18887e-44
26.6552  -4.90188e-44  -2.18887e-44
27.2041  -4.90188e-44  -2.18887e-44
92.4528  -4.90188e-44  -2.18887e-44
183.688  -4.90188e-44  -2.18887e-44
0.2  -4.90188e-44  -2.18887e-44
0.2  -4.90188e-44  -2.18887e-44
70.7204  -4.90188e-44  -2.18887e-44
27.6672  -4.90188e-44  -2.18887e-44
27.4786  -4.90188e-44  -2.18887e-44
26.9983  -4.90188e-44  -2.18887e-44
27.0841  -4.90188e-44  -2.18887e-44
27.1698  -4.90188e-44  -2.18887e-44
26.741  -4.90188e-44  -2.18887e-44
27.0841  -4.90188e-44  -2.18887e-44
26.6038  -4.90188e-44  -2.18887e-44
-17126  -4.90188e-44  -2.18887e-44
26.4666  -4.90188e-44  -2.18887e-44
26.3808  -4.90188e-44  -2.18887e-44
27.0841  -4.90188e-44  -2.18887e-44
26.2436  -4.90188e-44  -2.18887e-44
27.1527  -4.90188e-44  -2.18887e-44
27.3757  -4.90188e-44  -2.18887e-44
62.5386  -4.90188e-44  -2.18887e-44
0.2  -4.90188e-44  -2.18887e-44
310.446  -4.90188e-44  -2.18887e-44
155.026  -4.90188e-44  -2.18887e-44
0.2  -4.90188e-44  -2.18887e-44
0.2  -4.90188e-44  -2.18887e-44
113.019  -4.90188e-44  -2.18887e-44
28.1647  -4.90188e-44  -2.18887e-44
26.9297  -4.90188e-44  -2.18887e-44
26.6038  -4.90188e-44  -2.18887e-44
27.0841  -4.90188e-44  -2.18887e-44
26.8096  -4.90188e-44  -2.18887e-44
27.2384  -4.90188e-44  -2.18887e-44
27.6501  -4.90188e-44  -2.18887e-44
22.3156  -4.90188e-44  -2.18887e-44
26.9983  -4.90188e-44  -2.18887e-44
27.2899  -4.90188e-44  -2.18887e-44
27.3242  -4.90188e-44  -2.18887e-44
27.8559  -4.90188e-44  -2.18887e-44
26.4666  -4.90188e-44  -2.18887e-44
26.7925  -4.90188e-44  -2.18887e-44
26.6895  -4.90188e-44  -2.18887e-44
140.257  -4.90188e-44  -2.18887e-44
0.2  -4.90188e-44  -2.18887e-44
0.2  -4.90188e-44  -2.18887e-44
66.9125  -4.90188e-44  -2.18887e-44
23.6021  -4.90188e-44  -2.18887e-44
24.7341  -4.90188e-44  -2.18887e-44
-17026.1  -4.90188e-44  -2.18887e-44
0.2  -4.90188e-44  -2.18887e-44
0.2  -4.90188e-44  -2.18887e-44
137.547  -4.90188e-44  -2.18887e-44
24.3739  -4.90188e-44  -2.18887e-44
24.1166  -4.90188e-44  -2.18887e-44
58.9708  -4.90188e-44  -2.18887e-44
5.78045  -4.90188e-44  -2.18887e-44
15.2144  -4.90188e-44  -2.18887e-44
24.6484  -4.90188e-44  -2.18887e-44
26.5866  -4.90188e-44  -2.18887e-44
26.6038  -4.90188e-44  -2.18887e-44
23.5678  -4.90188e-44  -2.18887e-44
18.3705  -4.90188e-44  -2.18887e-44
25.9691  -4.90188e-44  -2.18887e-44
26.4837  -4.90188e-44  -2.18887e-44
26.4494  -4.90188e-44  -2.18887e-44
25.4202  -4.90188e-44  -2.18887e-44
26.4837  -4.90188e-44  -2.18887e-44
22.693  -4.90188e-44  -2.18887e-44
27.1527  -4.90188e-44  -2.18887e-44
25.8319  -4.90188e-44  -2.18887e-44
24.9914  -4.90188e-44  -2.18887e-44
21.9383  -4.90188e-44  -2.18887e-44
27.7873  -4.90188e-44  -2.18887e-44
27.4443  -4.90188e-44  -2.18887e-44
123.859  -4.90188e-44  -2.18887e-44
0.2  -4.90188e-44  -2.18887e-44
0.2  -4.90188e-44  -2.18887e-44
128.559  -4.90188e-44  -2.18887e-44
28.2847  -4.90188e-44  -2.18887e-44
27.2727  -4.90188e-44  -2.18887e-44
26.4323  -4.90188e-44  -2.18887e-44
25.6089  -4.90188e-44  -2.18887e-44
25.7805  -4.90188e-44  -2.18887e-44
25.9863  -4.90188e-44  -2.18887e-44
26.4323  -4.90188e-44  -2.18887e-44
26.5009  -4.90188e-44  -2.18887e-44
26.295  -4.90188e-44  -2.18887e-44
27.0669  -4.90188e-44  -2.18887e-44
26.4323  -4.90188e-44  -2.18887e-44
26.7925  -4.90188e-44  -2.18887e-44
27.6329  -4.90188e-44  -2.18887e-44
27.3757  -4.90188e-44  -2.18887e-44
28.7993  -4.90188e-44  -2.18887e-44
27.0326  -4.90188e-44  -2.18887e-44
163.225  -4.90188e-44  -2.18887e-44
0.2  -4.90188e-44  -2.18887e-44
0.2  -4.90188e-44  -2.18887e-44
146.724  -4.90188e-44  -2.18887e-44
0.2  -4.90188e-44  -2.18887e-44
0.2  -4.90188e-44  -2.18887e-44
127.719  -4.90188e-44  -2.18887e-44
135.678  -4.90188e-44  -2.18887e-44
0.2  -4.90188e-44  -2.18887e-44
0.2  -4.90188e-44  -2.18887e-44
136.312  -4.90188e-44  -2.18887e-44
24.8542  -4.90188e-44  -2.18887e-44
26.7753  -4.90188e-44  -2.18887e-44
26.6381  -4.90188e-44  -2.18887e-44
26.5866  -4.90188e-44  -2.18887e-44
26.3808  -4.90188e-44  -2.18887e-44
26.9125  -4.90188e-44  -2.18887e-44
26.7067  -4.90188e-44  -2.18887e-44
26.7753  -4.90188e-44  -2.18887e-44
26.4837  -4.90188e-44  -2.18887e-44
26.7582  -4.90188e-44  -2.18887e-44
26.7239  -4.90188e-44  -2.18887e-44
17.2556  -4.90188e-44  -2.18887e-44
19.4854  -4.90188e-44  -2.18887e-44
26.518  -4.90188e-44  -2.18887e-44
26.6724  -4.90188e-44  -2.18887e-44
26.6038  -4.90188e-44  -2.18887e-44
27.3585  -4.90188e-44  -2.18887e-44
21.5609  -4.90188e-44  -2.18887e-44
26.8096  -4.90188e-44  -2.18887e-44
26.6552  -4.90188e-44  -2.18887e-44
26.6038  -4.90188e-44  -2.18887e-44
26.7925  -4.90188e-44  -2.18887e-44
25.1973  -4.90188e-44  -2.18887e-44
25.4374  -4.90188e-44  -2.18887e-44
26.4151  -4.90188e-44  -2.18887e-44
21.0635  -4.90188e-44  -2.18887e-44
26.7925  -4.90188e-44  -2.18887e-44
26.8096  -4.90188e-44  -2.18887e-44
21.3551  -4.90188e-44  -2.18887e-44
26.741  -4.90188e-44  -2.18887e-44
26.5866  -4.90188e-44  -2.18887e-44
26.5866  -4.90188e-44  -2.18887e-44
26.8611  -4.90188e-44  -2.18887e-44
26.2436  -4.90188e-44  -2.18887e-44
26.2436  -4.90188e-44  -2.18887e-44
26.7239  -4.90188e-44  -2.18887e-44
22.6587  -4.90188e-44  -2.18887e-44
22.4528  -4.90188e-44  -2.18887e-44
26.7067  -4.90188e-44  -2.18887e-44
26.6552  -4.90188e-44  -2.18887e-44
26.9125  -4.90188e-44  -2.18887e-44
26.7239  -4.90188e-44  -2.18887e-44
26.7067  -4.90188e-44  -2.18887e-44
25.2144  -4.90188e-44  -2.18887e-44
26.6552  -4.90188e-44  -2.18887e-44
26.4323  -4.90188e-44  -2.18887e-44
22.4014  -4.90188e-44  -2.18887e-44
26.4494  -4.90188e-44  -2.18887e-44
26.4323  -4.90188e-44  -2.18887e-44
21.1835  -4.90188e-44  -2.18887e-44
27.0669  -4.90188e-44  -2.18887e-44
26.7582  -4.90188e-44  -2.18887e-44
26.8096  -4.90188e-44  -2.18887e-44
26.8954  -4.90188e-44  -2.18887e-44
27.2556  -4.90188e-44  -2.18887e-44
27.307  -4.90188e-44  -2.18887e-44
27.2041  -4.90188e-44  -2.18887e-44
27.1698  -4.90188e-44  -2.18887e-44
27.41  -4.90188e-44  -2.18887e-44
27.4614  -4.90188e-44  -2.18887e-44
21.1321  -4.90188e-44  -2.18887e-44
0.2  -4.90188e-44  -2.18887e-44
314.871  -4.90188e-44  -2.18887e-44
28.0789  -4.90188e-44  -2.18887e-44
128.405  -4.90188e-44  -2.18887e-44
0.2  -4.90188e-44  -2.18887e-44
0.1  -4.90188e-44  -2.18887e-44
0.2  -4.90188e-44  -2.18887e-44
121.475  -4.90188e-44  -2.18887e-44
6.27788  -4.90188e-44  -2.18887e-44
25.8834  -4.90188e-44  -2.18887e-44
26.1407  -4.90188e-44  -2.18887e-44
27.41  -4.90188e-44  -2.18887e-44
27.187  -4.90188e-44  -2.18887e-44
27.1527  -4.90188e-44  -2.18887e-44
27.4271  -4.90188e-44  -2.18887e-44
26.7239  -4.90188e-44  -2.18887e-44
27.2041  -4.90188e-44  -2.18887e-44
27.2727  -4.90188e-44  -2.18887e-44
26.8268  -4.90188e-44  -2.18887e-44
27.0669  -4.90188e-44  -2.18887e-44
27.4786  -4.90188e-44  -2.18887e-44
25.163  -4.90188e-44  -2.18887e-44
26.7753  -4.90188e-44  -2.18887e-44
26.5523  -4.90188e-44  -2.18887e-44
27.2213  -4.90188e-44  -2.18887e-44
18.0103  -4.90188e-44  -2.18887e-44
26.1064  -4.90188e-44  -2.18887e-44
26.9811  -4.90188e-44  -2.18887e-44
27.2899  -4.90188e-44  -2.18887e-44
27.1012  -4.90188e-44  -2.18887e-44
26.9125  -4.90188e-44  -2.18887e-44
27.4786  -4.90188e-44  -2.18887e-44
25.9863  -4.90188e-44  -2.18887e-44
27.1527  -4.90188e-44  -2.18887e-44
25.8834  -4.90188e-44  -2.18887e-44
26.964  -4.90188e-44  -2.18887e-44
27.1184  -4.90188e-44  -2.18887e-44
27.5643  -4.90188e-44  -2.18887e-44
24.1166  -4.90188e-44  -2.18887e-44
27.2727  -4.90188e-44  -2.18887e-44
27.3757  -4.90188e-44  -2.18887e-44
27.0154  -4.90188e-44  -2.18887e-44
25.5918  -4.90188e-44  -2.18887e-44
27.4957  -4.90188e-44  -2.18887e-44
27.2899  -4.90188e-44  -2.18887e-44
26.9125  -4.90188e-44  -2.18887e-44
24.5283  -4.90188e-44  -2.18887e-44
27.5643  -4.90188e-44  -2.18887e-44
23.6707  -4.90188e-44  -2.18887e-44
27.1012  -4.90188e-44  -2.18887e-44
26.0549  -4.90188e-44  -2.18887e-44
27.2727  -4.90188e-44  -2.18887e-44
25.8148  -4.90188e-44  -2.18887e-44
27.4443  -4.90188e-44  -2.18887e-44
24.3396  -4.90188e-44  -2.18887e-44
27.4271  -4.90188e-44  -2.18887e-44
27.307  -4.90188e-44  -2.18887e-44
23.0532  -4.90188e-44  -2.18887e-44
24.1338  -4.90188e-44  -2.18887e-44
27.4443  -4.90188e-44  -2.18887e-44
27.7187  -4.90188e-44  -2.18887e-44
27.0669  -4.90188e-44  -2.18887e-44
20.6347  -4.90188e-44  -2.18887e-44
27.0154  -4.90188e-44  -2.18887e-44
27.0154  -4.90188e-44  -2.18887e-44
27.5815  -4.90188e-44  -2.18887e-44
25.7461  -4.90188e-44  -2.18887e-44
26.8096  -4.90188e-44  -2.18887e-44
25.4717  -4.90188e-44  -2.18887e-44
27.1698  -4.90188e-44  -2.18887e-44
27.2727  -4.90188e-44  -2.18887e-44
26.8954  -4.90188e-44  -2.18887e-44
26.9297  -4.90188e-44  -2.18887e-44
