activating emitter
1  1.12191e+265  2.04206e-232  2.22251e+261  0  0 0  
2  9.61641e+264  1.75034e-232  1.90501e+261  900.704  9.47426e-314 0  
1  8.01367e+264  1.45861e-232  1.58751e+261  900.704  9.47426e-314 0  
2  6.86886e+264  1.25024e-232  1.36072e+261  78.677  9.47426e-314 0  
1  5.72405e+264  1.04187e-232  1.13393e+261  78.677  9.47426e-314 0  
2  4.90633e+264  8.93029e-233  9.71944e+260  84.2096  9.47426e-314 0  
1  4.08861e+264  7.44191e-233  8.09953e+260  84.2096  9.47426e-314 0  
2  3.50452e+264  6.37878e-233  6.94245e+260  85.2577  9.47426e-314 0  
1  2.92044e+264  5.31565e-233  5.78538e+260  85.2577  9.47426e-314 0  
2  2.50323e+264  4.55627e-233  4.9589e+260  79.8282  9.47426e-314 0  
1  2.08603e+264  3.79689e-233  4.13241e+260  79.8282  9.47426e-314 0  
2  1.78802e+264  3.25448e-233  3.54207e+260  80.0172  9.47426e-314 0  
1  1.49002e+264  2.71207e-233  2.95172e+260  80.0172  9.47426e-314 0  
2  1.27716e+264  2.32463e-233  2.53005e+260  81.2543  9.47426e-314 0  
1  1.0643e+264  1.93719e-233  2.10837e+260  81.2543  9.47426e-314 0  
2  9.12256e+263  1.66045e-233  1.80718e+260  81.5292  9.47426e-314 0  
1  7.60213e+263  1.38371e-233  1.50598e+260  81.5292  9.47426e-314 0  
2  6.51611e+263  1.18603e-233  1.29084e+260  81.0138  9.47426e-314 0  
1  5.43009e+263  9.88362e-234  1.0757e+260  81.0138  9.47426e-314 0  
2  4.65437e+263  8.47167e-234  9.2203e+259  81.1856  9.47426e-314 0  
1  3.87864e+263  7.05973e-234  7.68358e+259  81.1856  9.47426e-314 0  
2  3.32455e+263  6.0512e-234  6.58593e+259  81.2028  9.47426e-314 0  
1  2.77046e+263  5.04266e-234  5.48827e+259  81.2028  9.47426e-314 0  
2  2.37468e+263  4.32228e-234  4.70423e+259  80.6357  9.47426e-314 0  
1  1.9789e+263  3.6019e-234  3.92019e+259  80.6357  9.47426e-314 0  
2  1.6962e+263  3.08735e-234  3.36017e+259  80.9966  9.47426e-314 0  
1  1.4135e+263  2.57279e-234  2.80014e+259  80.9966  9.47426e-314 0  
2  1.21157e+263  2.20525e-234  2.40012e+259  81.1856  9.47426e-314 0  
1  1.00964e+263  1.83771e-234  2.0001e+259  81.1856  9.47426e-314 0  
2  8.65407e+262  1.57518e-234  1.71437e+259  81.0997  9.47426e-314 0  
1  7.21173e+262  1.31265e-234  1.42864e+259  81.0997  9.47426e-314 0  
2  6.18148e+262  1.12513e-234  1.22455e+259  81.1856  9.47426e-314 0  
1  5.15123e+262  9.37605e-235  1.02046e+259  81.1856  9.47426e-314 0  
2  4.41534e+262  8.03661e-235  8.74679e+258  81.0138  9.47426e-314 0  
1  3.67945e+262  6.69718e-235  7.28899e+258  81.0138  9.47426e-314 0  
2  3.15382e+262  5.74044e-235  6.24771e+258  81.3402  9.47426e-314 0  
1  2.62818e+262  4.7837e-235  5.20642e+258  81.3402  9.47426e-314 0  
2  2.25273e+262  4.10031e-235  4.46265e+258  81.5464  9.47426e-314 0  
1  1.87727e+262  3.41693e-235  3.71887e+258  81.5464  9.47426e-314 0  
2  1.60909e+262  2.92879e-235  3.1876e+258  80.6873  9.47426e-314 0  
1  1.34091e+262  2.44066e-235  2.65634e+258  80.6873  9.47426e-314 0  
2  1.14935e+262  2.092e-235  2.27686e+258  80.7732  9.47426e-314 0  
1  9.57791e+261  1.74333e-235  1.89738e+258  80.7732  9.47426e-314 0  
2  8.20964e+261  1.49428e-235  1.62633e+258  76.8213  9.47426e-314 0  
1  6.84137e+261  1.24524e-235  1.35527e+258  76.8213  9.47426e-314 0  
2  5.86403e+261  1.06734e-235  1.16166e+258  79.6564  9.47426e-314 0  
1  4.88669e+261  8.89454e-236  9.68053e+257  79.6564  9.47426e-314 0  
2  4.18859e+261  7.62389e-236  8.2976e+257  79.3471  9.47426e-314 0  
1  3.49049e+261  6.35324e-236  6.91466e+257  79.3471  9.47426e-314 0  
2  2.99185e+261  5.44564e-236  5.92686e+257  80.6701  9.47426e-314 0  
1  2.49321e+261  4.53803e-236  4.93905e+257  80.6701  9.47426e-314 0  
2  2.13704e+261  3.88974e-236  4.23347e+257  81.3746  9.47426e-314 0  
1  1.78086e+261  3.24145e-236  3.52789e+257  81.3746  9.47426e-314 0  
2  1.52645e+261  2.77839e-236  3.02391e+257  81.6495  9.47426e-314 0  
1  1.27205e+261  2.31532e-236  2.51992e+257  81.6495  9.47426e-314 0  
2  1.09032e+261  1.98456e-236  2.15993e+257  81.8213  9.47426e-314 0  
1  9.08604e+260  1.6538e-236  1.79994e+257  81.8213  9.47426e-314 0  
2  7.78804e+260  1.41754e-236  1.54281e+257  81.7182  9.47426e-314 0  
1  6.49003e+260  1.18129e-236  1.28567e+257  81.7182  9.47426e-314 0  
2  5.56288e+260  1.01253e-236  1.10201e+257  80.4296  9.47426e-314 0  
1  4.63574e+260  8.43776e-237  9.18339e+256  80.4296  9.47426e-314 0  
2  3.97349e+260  7.23237e-237  7.87147e+256  81.2199  9.47426e-314 0  
1  3.31124e+260  6.02697e-237  6.55956e+256  81.2199  9.47426e-314 0  
2  2.83821e+260  5.16598e-237  5.62248e+256  81.701  9.47426e-314 0  
1  2.36517e+260  4.30498e-237  4.6854e+256  81.701  9.47426e-314 0  
2  2.02729e+260  3.68998e-237  4.01606e+256  81.787  9.47426e-314 0  
1  1.68941e+260  3.07499e-237  3.34672e+256  81.787  9.47426e-314 0  
2  1.44806e+260  2.6357e-237  2.86861e+256  81.512  9.47426e-314 0  
1  1.20672e+260  2.19642e-237  2.39051e+256  81.512  9.47426e-314 0  
2  1.03433e+260  1.88264e-237  2.04901e+256  82.0275  9.47426e-314 0  
1  8.61943e+259  1.56887e-237  1.70751e+256  82.0275  9.47426e-314 0  
2  7.38808e+259  1.34475e-237  1.46358e+256  82.4055  9.47426e-314 0  
1  6.15673e+259  1.12062e-237  1.21965e+256  82.4055  9.47426e-314 0  
2  5.2772e+259  9.60533e-238  1.04541e+256  82.3368  9.47426e-314 0  
1  4.39767e+259  8.00444e-238  8.71177e+255  82.3368  9.47426e-314 0  
2  3.76943e+259  6.86095e-238  7.46724e+255  82.2509  9.47426e-314 0  
1  3.14119e+259  5.71746e-238  6.2227e+255  82.2509  9.47426e-314 0  
2  2.69245e+259  4.90068e-238  5.33374e+255  81.3402  9.47426e-314 0  
1  2.24371e+259  4.0839e-238  4.44478e+255  81.3402  9.47426e-314 0  
2  1.92318e+259  3.50048e-238  3.80981e+255  82.6117  9.47426e-314 0  
1  1.60265e+259  2.91707e-238  3.17485e+255  82.6117  9.47426e-314 0  
2  1.3737e+259  2.50035e-238  2.7213e+255  81.6323  9.47426e-314 0  
1  1.14475e+259  2.08362e-238  2.26775e+255  81.6323  9.47426e-314 0  
2  9.81213e+258  1.78596e-238  1.94378e+255  79.7595  9.47426e-314 0  
1  8.17678e+258  1.4883e-238  1.61982e+255  79.7595  9.47426e-314 0  
2  7.00867e+258  1.27569e-238  1.38842e+255  80.4639  9.47426e-314 0  
1  5.84056e+258  1.06307e-238  1.15701e+255  80.4639  9.47426e-314 0  
2  5.00619e+258  9.11205e-239  9.91726e+254  80.567  9.47426e-314 0  
1  4.17183e+258  7.59337e-239  8.26438e+254  80.567  9.47426e-314 0  
2  3.57585e+258  6.50861e-239  7.08376e+254  81.9244  9.47426e-314 0  
1  2.97988e+258  5.42384e-239  5.90313e+254  81.9244  9.47426e-314 0  
2  2.55418e+258  4.649e-239  5.05983e+254  82.1478  9.47426e-314 0  
1  2.12848e+258  3.87417e-239  4.21652e+254  82.1478  9.47426e-314 0  
2  1.82441e+258  3.32072e-239  3.61416e+254  81.134  9.47426e-314 0  
1  1.52034e+258  2.76726e-239  3.0118e+254  81.134  9.47426e-314 0  
2  1.30315e+258  2.37194e-239  2.58154e+254  80.2577  9.47426e-314 0  
1  1.08596e+258  1.97662e-239  2.15129e+254  80.2577  9.47426e-314 0  
2  9.30823e+257  1.69424e-239  1.84396e+254  76.2371  9.47426e-314 0  
1  7.75686e+257  1.41187e-239  1.53663e+254  76.2371  9.47426e-314 0  
2  6.64874e+257  1.21017e-239  1.31711e+254  78.5739  9.47426e-314 0  
1  5.54061e+257  1.00848e-239  1.0976e+254  78.5739  9.47426e-314 0  
2  4.7491e+257  8.6441e-240  9.40796e+253  80.567  9.47426e-314 0  
1  3.95758e+257  7.20342e-240  7.83997e+253  80.567  9.47426e-314 0  
2  3.39221e+257  6.17436e-240  6.71997e+253  80.7217  9.47426e-314 0  
1  2.82684e+257  5.1453e-240  5.59998e+253  80.7217  9.47426e-314 0  
2  2.42301e+257  4.41026e-240  4.79998e+253  81.1856  9.47426e-314 0  
1  2.01917e+257  3.67521e-240  3.99998e+253  81.1856  9.47426e-314 0  
2  1.73072e+257  3.15018e-240  3.42856e+253  80.9794  9.47426e-314 0  
1  1.44227e+257  2.62515e-240  2.85713e+253  80.9794  9.47426e-314 0  
2  1.23623e+257  2.25013e-240  2.44897e+253  82.6289  9.47426e-314 0  
1  1.03019e+257  1.87511e-240  2.04081e+253  82.6289  9.47426e-314 0  
2  8.83021e+256  1.60724e-240  1.74926e+253  82.3368  9.47426e-314 0  
1  7.35851e+256  1.33936e-240  1.45772e+253  82.3368  9.47426e-314 0  
2  6.30729e+256  1.14803e-240  1.24947e+253  82.3196  9.47426e-314 0  
1  5.25608e+256  9.56688e-241  1.04123e+253  82.3196  9.47426e-314 0  
2  4.50521e+256  8.20018e-241  8.92481e+252  81.4089  9.47426e-314 0  
1  3.75434e+256  6.83349e-241  7.43734e+252  81.4089  9.47426e-314 0  
2  3.21801e+256  5.85727e-241  6.37487e+252  80.8076  9.47426e-314 0  
1  2.68167e+256  4.88106e-241  5.31239e+252  80.8076  9.47426e-314 0  
2  2.29858e+256  4.18377e-241  4.55348e+252  80.7217  9.47426e-314 0  
1  1.91548e+256  3.48647e-241  3.79456e+252  80.7217  9.47426e-314 0  
2  1.64184e+256  2.98841e-241  3.25248e+252  80.7904  9.47426e-314 0  
1  1.3682e+256  2.49034e-241  2.7104e+252  80.7904  9.47426e-314 0  
2  1.17274e+256  2.13458e-241  2.3232e+252  80.8935  9.47426e-314 0  
1  9.77286e+255  1.77881e-241  1.936e+252  80.8935  9.47426e-314 0  
2  8.37673e+255  1.5247e-241  1.65943e+252  81.7182  9.47426e-314 0  
1  6.98061e+255  1.27058e-241  1.38286e+252  81.7182  9.47426e-314 0  
2  5.98338e+255  1.08907e-241  1.18531e+252  81.4605  9.47426e-314 0  
1  4.98615e+255  9.07557e-242  9.87756e+251  81.4605  9.47426e-314 0  
2  4.27384e+255  7.77906e-242  8.46648e+251  81.8729  9.47426e-314 0  
1  3.56154e+255  6.48255e-242  7.0554e+251  81.8729  9.47426e-314 0  
2  3.05275e+255  5.55647e-242  6.04749e+251  80.8591  9.47426e-314 0  
1  2.54395e+255  4.63039e-242  5.03957e+251  80.8591  9.47426e-314 0  
2  2.18053e+255  3.96891e-242  4.31963e+251  80.567  9.47426e-314 0  
1  1.81711e+255  3.30742e-242  3.59969e+251  80.567  9.47426e-314 0  
2  1.55752e+255  2.83494e-242  3.08545e+251  80.6357  9.47426e-314 0  
1  1.29794e+255  2.36245e-242  2.57121e+251  80.6357  9.47426e-314 0  
2  1.11252e+255  2.02495e-242  2.20389e+251  80.7904  9.47426e-314 0  
1  9.27097e+254  1.68746e-242  1.83658e+251  80.7904  9.47426e-314 0  
2  7.94655e+254  1.4464e-242  1.57421e+251  80.6357  9.47426e-314 0  
1  6.62212e+254  1.20533e-242  1.31184e+251  80.6357  9.47426e-314 0  
2  5.6761e+254  1.03314e-242  1.12444e+251  81.2887  9.47426e-314 0  
1  4.73009e+254  8.6095e-243  9.3703e+250  81.2887  9.47426e-314 0  
2  4.05436e+254  7.37957e-243  8.03168e+250  81.3574  9.47426e-314 0  
1  3.37863e+254  6.14964e-243  6.69307e+250  81.3574  9.47426e-314 0  
2  2.89597e+254  5.27112e-243  5.73692e+250  81.976  9.47426e-314 0  
1  2.41331e+254  4.3926e-243  4.78076e+250  81.976  9.47426e-314 0  
2  2.06855e+254  3.76509e-243  4.0978e+250  80.6873  9.47426e-314 0  
1  1.72379e+254  3.13757e-243  3.41483e+250  80.6873  9.47426e-314 0  
2  1.47754e+254  2.68935e-243  2.927e+250  82.0962  9.47426e-314 0  
1  1.23128e+254  2.24112e-243  2.43917e+250  82.0962  9.47426e-314 0  
2  1.05538e+254  1.92096e-243  2.09071e+250  79.6564  9.47426e-314 0  
1  8.79486e+253  1.6008e-243  1.74226e+250  79.6564  9.47426e-314 0  
2  7.53845e+253  1.37212e-243  1.49337e+250  76.512  9.47426e-314 0  
1  6.28204e+253  1.14343e-243  1.24447e+250  76.512  9.47426e-314 0  
2  5.38461e+253  9.80083e-244  1.06669e+250  79.6048  9.47426e-314 0  
1  4.48717e+253  8.16736e-244  8.88909e+249  79.6048  9.47426e-314 0  
2  3.84615e+253  7.00059e-244  7.61922e+249  79.6564  9.47426e-314 0  
1  3.20512e+253  5.83383e-244  6.34935e+249  79.6564  9.47426e-314 0  
2  2.74725e+253  5.00042e-244  5.4423e+249  81.0997  9.47426e-314 0  
1  2.28937e+253  4.16702e-244  4.53525e+249  81.0997  9.47426e-314 0  
2  1.96232e+253  3.57173e-244  3.88736e+249  81.134  9.47426e-314 0  
1  1.63527e+253  2.97644e-244  3.23946e+249  81.134  9.47426e-314 0  
2  1.40166e+253  2.55124e-244  2.77668e+249  82.0962  9.47426e-314 0  
1  1.16805e+253  2.12603e-244  2.3139e+249  82.0962  9.47426e-314 0  
2  1.00118e+253  1.82231e-244  1.98334e+249  88.2646  9.47426e-314 0  
1  8.3432e+252  1.51859e-244  1.65279e+249  88.2646  9.47426e-314 0  
2  7.15132e+252  1.30165e-244  1.41667e+249  79.9313  9.47426e-314 0  
1  5.95943e+252  1.08471e-244  1.18056e+249  79.9313  9.47426e-314 0  
2  5.10808e+252  9.29751e-245  1.01191e+249  80.9278  9.47426e-314 0  
1  4.25674e+252  7.74792e-245  8.43259e+248  80.9278  9.47426e-314 0  
2  3.64863e+252  6.64108e-245  7.22793e+248  80.2749  9.47426e-314 0  
1  3.04053e+252  5.53423e-245  6.02328e+248  80.2749  9.47426e-314 0  
2  2.60616e+252  4.74363e-245  5.16281e+248  79.9656  9.47426e-314 0  
1  2.1718e+252  3.95302e-245  4.30234e+248  79.9656  9.47426e-314 0  
2  1.86155e+252  3.3883e-245  3.68772e+248  80.9966  9.47426e-314 0  
1  1.55129e+252  2.82359e-245  3.0731e+248  80.9966  9.47426e-314 0  
2  1.32968e+252  2.42022e-245  2.63409e+248  79.3299  9.47426e-314 0  
1  1.10806e+252  2.01685e-245  2.19507e+248  79.3299  9.47426e-314 0  
2  9.49768e+251  1.72873e-245  1.88149e+248  79.0722  9.47426e-314 0  
1  7.91474e+251  1.44061e-245  1.56791e+248  79.0722  9.47426e-314 0  
2  6.78406e+251  1.23481e-245  1.34392e+248  81.1168  9.47426e-314 0  
1  5.65338e+251  1.029e-245  1.11993e+248  81.1168  9.47426e-314 0  
2  4.84576e+251  8.82004e-246  9.59944e+247  79.2612  9.47426e-314 0  
1  4.03813e+251  7.35003e-246  7.99953e+247  79.2612  9.47426e-314 0  
2  3.46126e+251  6.30003e-246  6.85674e+247  80.6873  9.47426e-314 0  
1  2.88438e+251  5.25002e-246  5.71395e+247  80.6873  9.47426e-314 0  
2  2.47233e+251  4.50002e-246  4.89767e+247  80.3265  9.47426e-314 0  
1  2.06027e+251  3.75002e-246  4.08139e+247  80.3265  9.47426e-314 0  
2  1.76595e+251  3.2143e-246  3.49834e+247  81.2715  9.47426e-314 0  
1  1.47162e+251  2.67858e-246  2.91528e+247  81.2715  9.47426e-314 0  
2  1.26139e+251  2.29593e-246  2.49881e+247  80.1375  9.47426e-314 0  
1  1.05116e+251  1.91327e-246  2.08234e+247  80.1375  9.47426e-314 0  
2  9.00993e+250  1.63995e-246  1.78487e+247  79.3127  9.47426e-314 0  
1  7.50828e+250  1.36662e-246  1.48739e+247  79.3127  9.47426e-314 0  
2  6.43567e+250  1.17139e-246  1.2749e+247  80.1718  9.47426e-314 0  
1  5.36305e+250  9.7616e-247  1.06242e+247  80.1718  9.47426e-314 0  
2  4.5969e+250  8.36708e-247  9.10646e+246  79.7251  9.47426e-314 0  
1  3.83075e+250  6.97257e-247  7.58872e+246  79.7251  9.47426e-314 0  
2  3.2835e+250  5.97649e-247  6.50462e+246  79.9828  9.47426e-314 0  
1  2.73625e+250  4.98041e-247  5.42051e+246  79.9828  9.47426e-314 0  
2  2.34536e+250  4.26892e-247  4.64615e+246  81.2543  9.47426e-314 0  
1  1.95447e+250  3.55743e-247  3.8718e+246  81.2543  9.47426e-314 0  
2  1.67526e+250  3.04923e-247  3.31868e+246  80.756  9.47426e-314 0  
1  1.39605e+250  2.54102e-247  2.76557e+246  80.756  9.47426e-314 0  
2  1.19661e+250  2.17802e-247  2.37049e+246  79.5189  9.47426e-314 0  
1  9.97176e+249  1.81502e-247  1.97541e+246  79.5189  9.47426e-314 0  
2  8.54723e+249  1.55573e-247  1.6932e+246  76.0653  9.47426e-314 0  
1  7.12269e+249  1.29644e-247  1.411e+246  76.0653  9.47426e-314 0  
2  6.10516e+249  1.11123e-247  1.20943e+246  79.1753  9.47426e-314 0  
1  5.08764e+249  9.26029e-248  1.00786e+246  79.1753  9.47426e-314 0  
2  4.36083e+249  7.93739e-248  8.6388e+245  80.6701  9.47426e-314 0  
1  3.63403e+249  6.61449e-248  7.199e+245  80.6701  9.47426e-314 0  
2  3.11488e+249  5.66957e-248  6.17057e+245  80.2406  9.47426e-314 0  
1  2.59573e+249  4.72464e-248  5.14214e+245  80.2406  9.47426e-314 0  
2  2.22491e+249  4.04969e-248  4.40755e+245  81.4605  9.47426e-314 0  
1  1.85409e+249  3.37474e-248  3.67296e+245  81.4605  9.47426e-314 0  
2  1.58922e+249  2.89264e-248  3.14825e+245  81.0138  9.47426e-314 0  
1  1.32435e+249  2.41053e-248  2.62354e+245  81.0138  9.47426e-314 0  
2  1.13516e+249  2.06617e-248  2.24875e+245  81.5292  9.47426e-314 0  
1  9.45967e+248  1.72181e-248  1.87396e+245  81.5292  9.47426e-314 0  
2  8.10828e+248  1.47583e-248  1.60625e+245  81.3059  9.47426e-314 0  
1  6.7569e+248  1.22986e-248  1.33854e+245  81.3059  9.47426e-314 0  
2  5.79163e+248  1.05417e-248  1.14732e+245  81.6151  9.47426e-314 0  
1  4.82636e+248  8.78473e-249  9.56101e+244  81.6151  9.47426e-314 0  
2  4.13688e+248  7.52977e-249  8.19516e+244  81.3574  9.47426e-314 0  
1  3.4474e+248  6.27481e-249  6.8293e+244  81.3574  9.47426e-314 0  
2  2.95491e+248  5.37841e-249  5.85368e+244  80.567  9.47426e-314 0  
1  2.46243e+248  4.482e-249  4.87807e+244  80.567  9.47426e-314 0  
2  2.11065e+248  3.84172e-249  4.1812e+244  -17102.3  9.47426e-314 0  
1  1.75888e+248  3.20143e-249  3.48433e+244  -17102.3  9.47426e-314 0  
2  1.50761e+248  2.74408e-249  2.98657e+244  80.7732  9.47426e-314 0  
1  1.25634e+248  2.28674e-249  2.48881e+244  80.7732  9.47426e-314 0  
2  1.07686e+248  1.96006e-249  2.13327e+244  80.9966  9.47426e-314 0  
1  8.97386e+247  1.63338e-249  1.77772e+244  80.9966  9.47426e-314 0  
2  7.69188e+247  1.40004e-249  1.52376e+244  80.0859  9.47426e-314 0  
1  6.4099e+247  1.1667e-249  1.2698e+244  80.0859  9.47426e-314 0  
2  5.4942e+247  1.00003e-249  1.0884e+244  80.945  9.47426e-314 0  
1  4.5785e+247  8.33359e-250  9.07001e+243  80.945  9.47426e-314 0  
2  3.92443e+247  7.14308e-250  7.77429e+243  79.2268  9.47426e-314 0  
1  3.27036e+247  5.95256e-250  6.47858e+243  79.2268  9.47426e-314 0  
2  2.80316e+247  5.1022e-250  5.55307e+243  80.8935  9.47426e-314 0  
1  2.33597e+247  4.25183e-250  4.62756e+243  80.8935  9.47426e-314 0  
2  2.00226e+247  3.64443e-250  3.96648e+243  80.5842  9.47426e-314 0  
1  1.66855e+247  3.03702e-250  3.3054e+243  80.5842  9.47426e-314 0  
2  1.43019e+247  2.60316e-250  2.8332e+243  80.9107  9.47426e-314 0  
1  1.19182e+247  2.1693e-250  2.361e+243  80.9107  9.47426e-314 0  
2  1.02156e+247  1.8594e-250  2.02371e+243  81.4089  9.47426e-314 0  
1  8.51301e+246  1.5495e-250  1.68643e+243  81.4089  9.47426e-314 0  
2  7.29687e+246  1.32814e-250  1.44551e+243  81.4433  9.47426e-314 0  
1  6.08072e+246  1.10679e-250  1.20459e+243  81.4433  9.47426e-314 0  
2  5.21205e+246  9.48674e-251  1.03251e+243  80.5842  9.47426e-314 0  
1  4.34337e+246  7.90562e-251  8.60422e+242  80.5842  9.47426e-314 0  
2  3.72289e+246  6.77625e-251  7.37504e+242  81.5464  9.47426e-314 0  
1  3.10241e+246  5.64687e-251  6.14587e+242  81.5464  9.47426e-314 0  
2  2.65921e+246  4.84018e-251  5.26789e+242  81.2028  9.47426e-314 0  
1  2.21601e+246  4.03348e-251  4.38991e+242  81.2028  9.47426e-314 0  
2  1.89943e+246  3.45727e-251  3.76278e+242  81.5464  9.47426e-314 0  
1  1.58286e+246  2.88106e-251  3.13565e+242  81.5464  9.47426e-314 0  
2  1.35674e+246  2.46948e-251  2.6877e+242  79.9828  9.47426e-314 0  
1  1.13062e+246  2.0579e-251  2.23975e+242  79.9828  9.47426e-314 0  
2  9.69099e+245  1.76391e-251  1.91978e+242  76.8557  9.47426e-314 0  
1  8.07583e+245  1.46993e-251  1.59982e+242  76.8557  9.47426e-314 0  
2  6.92214e+245  1.25994e-251  1.37127e+242  79.1924  9.47426e-314 0  
1  5.76845e+245  1.04995e-251  1.14273e+242  79.1924  9.47426e-314 0  
2  4.94438e+245  8.99955e-252  9.79482e+241  77.5601  9.47426e-314 0  
1  4.12032e+245  7.49963e-252  8.16235e+241  77.5601  9.47426e-314 0  
2  3.5317e+245  6.42825e-252  6.9963e+241  79.6392  9.47426e-314 0  
1  2.94309e+245  5.35688e-252  5.83025e+241  79.6392  9.47426e-314 0  
2  2.52264e+245  4.59161e-252  4.99736e+241  78.677  9.47426e-314 0  
1  2.1022e+245  3.82634e-252  4.16446e+241  78.677  9.47426e-314 0  
2  1.80189e+245  3.27972e-252  3.56954e+241  80.8935  9.47426e-314 0  
1  1.50157e+245  2.7331e-252  2.97462e+241  80.8935  9.47426e-314 0  
2  1.28706e+245  2.34266e-252  2.54967e+241  78.7801  9.47426e-314 0  
1  1.07255e+245  1.95221e-252  2.12473e+241  78.7801  9.47426e-314 0  
2  9.19331e+244  1.67333e-252  1.82119e+241  81.2543  9.47426e-314 0  
1  7.66109e+244  1.39444e-252  1.51766e+241  81.2543  9.47426e-314 0  
2  6.56665e+244  1.19523e-252  1.30085e+241  80.2062  9.47426e-314 0  
1  5.47221e+244  9.96028e-253  1.08404e+241  80.2062  9.47426e-314 0  
2  4.69047e+244  8.53738e-253  9.29181e+240  80.567  9.47426e-314 0  
1  3.90872e+244  7.11448e-253  7.74317e+240  80.567  9.47426e-314 0  
2  3.35033e+244  6.09813e-253  6.63701e+240  80.189  9.47426e-314 0  
1  2.79194e+244  5.08177e-253  5.53084e+240  80.189  9.47426e-314 0  
2  2.39309e+244  4.35581e-253  4.74072e+240  81.6839  9.47426e-314 0  
1  1.99425e+244  3.62984e-253  3.9506e+240  81.6839  9.47426e-314 0  
2  1.70935e+244  3.11129e-253  3.38623e+240  77.7835  9.47426e-314 0  
1  1.42446e+244  2.59274e-253  2.82186e+240  77.7835  9.47426e-314 0  
2  1.22097e+244  2.22235e-253  2.41873e+240  80.6014  9.47426e-314 0  
1  1.01747e+244  1.85196e-253  2.01561e+240  80.6014  9.47426e-314 0  
2  8.72119e+243  1.58739e-253  1.72767e+240  80.756  9.47426e-314 0  
1  7.26766e+243  1.32283e-253  1.43972e+240  80.756  9.47426e-314 0  
2  6.22942e+243  1.13385e-253  1.23405e+240  79.8797  9.47426e-314 0  
1  5.19118e+243  9.44877e-254  1.02837e+240  79.8797  9.47426e-314 0  
2  4.44959e+243  8.09894e-254  8.81463e+239  79.5189  9.47426e-314 0  
1  3.70799e+243  6.74912e-254  7.34552e+239  79.5189  9.47426e-314 0  
2  3.17828e+243  5.78496e-254  6.29616e+239  81.6839  9.47426e-314 0  
1  2.64856e+243  4.8208e-254  5.2468e+239  81.6839  9.47426e-314 0  
2  2.2702e+243  4.13211e-254  4.49726e+239  81.2715  9.47426e-314 0  
1  1.89183e+243  3.44343e-254  3.74772e+239  81.2715  9.47426e-314 0  
2  1.62157e+243  2.95151e-254  3.21233e+239  80.945  9.47426e-314 0  
1  1.35131e+243  2.45959e-254  2.67694e+239  80.945  9.47426e-314 0  
2  1.15826e+243  2.10822e-254  2.29452e+239  79.4845  9.47426e-314 0  
1  9.6522e+242  1.75685e-254  1.9121e+239  79.4845  9.47426e-314 0  
2  8.27331e+242  1.50587e-254  1.63894e+239  80.1375  9.47426e-314 0  
1  6.89443e+242  1.25489e-254  1.36579e+239  80.1375  9.47426e-314 0  
2  5.90951e+242  1.07562e-254  1.17067e+239  80.9622  9.47426e-314 0  
1  4.92459e+242  8.96353e-255  9.75561e+238  80.9622  9.47426e-314 0  
2  4.22108e+242  7.68302e-255  8.36195e+238  80.4983  9.47426e-314 0  
1  3.51757e+242  6.40252e-255  6.96829e+238  80.4983  9.47426e-314 0  
2  3.01506e+242  5.48787e-255  5.97282e+238  81.8041  9.47426e-314 0  
1  2.51255e+242  4.57323e-255  4.97735e+238  81.8041  9.47426e-314 0  
2  2.15361e+242  3.91991e-255  4.2663e+238  81.2028  9.47426e-314 0  
1  1.79468e+242  3.26659e-255  3.55525e+238  81.2028  9.47426e-314 0  
2  1.53829e+242  2.79994e-255  3.04736e+238  80.1203  9.47426e-314 0  
1  1.28191e+242  2.33328e-255  2.53947e+238  80.1203  9.47426e-314 0  
2  1.09878e+242  1.99995e-255  2.17668e+238  76.7182  9.47426e-314 0  
1  9.15651e+241  1.66663e-255  1.8139e+238  76.7182  9.47426e-314 0  
2  7.84844e+241  1.42854e-255  1.55477e+238  79.2784  9.47426e-314 0  
1  6.54037e+241  1.19045e-255  1.29565e+238  79.2784  9.47426e-314 0  
2  5.60603e+241  1.02038e-255  1.11055e+238  80.7904  9.47426e-314 0  
1  4.67169e+241  8.50321e-256  9.25461e+237  80.7904  9.47426e-314 0  
2  4.00431e+241  7.28846e-256  7.93253e+237  79.6735  9.47426e-314 0  
1  3.33692e+241  6.07372e-256  6.61044e+237  79.6735  9.47426e-314 0  
2  2.86022e+241  5.20604e-256  5.66609e+237  81.3746  9.47426e-314 0  
1  2.38352e+241  4.33837e-256  4.72174e+237  81.3746  9.47426e-314 0  
2  2.04301e+241  3.7186e-256  4.04721e+237  80.4983  9.47426e-314 0  
1  1.70251e+241  3.09884e-256  3.37267e+237  80.4983  9.47426e-314 0  
2  1.4593e+241  2.65615e-256  2.89086e+237  81.89  9.47426e-314 0  
1  1.21608e+241  2.21345e-256  2.40905e+237  81.89  9.47426e-314 0  
2  1.04235e+241  1.89725e-256  2.0649e+237  81.6667  9.47426e-314 0  
1  8.68628e+240  1.58104e-256  1.72075e+237  81.6667  9.47426e-314 0  
2  7.44538e+240  1.35518e-256  1.47493e+237  81.8385  9.47426e-314 0  
1  6.20449e+240  1.12931e-256  1.22911e+237  81.8385  9.47426e-314 0  
2  5.31813e+240  9.67983e-257  1.05352e+237  81.323  9.47426e-314 0  
1  4.43178e+240  8.06652e-257  8.77934e+236  81.323  9.47426e-314 0  
2  3.79866e+240  6.91416e-257  7.52515e+236  81.89  9.47426e-314 0  
1  3.16555e+240  5.7618e-257  6.27096e+236  81.89  9.47426e-314 0  
2  2.71333e+240  4.93869e-257  5.37511e+236  81.6323  9.47426e-314 0  
1  2.26111e+240  4.11557e-257  4.47926e+236  81.6323  9.47426e-314 0  
2  1.93809e+240  3.52763e-257  3.83936e+236  79.5361  9.47426e-314 0  
1  1.61508e+240  2.9397e-257  3.19947e+236  79.5361  9.47426e-314 0  
2  1.38435e+240  2.51974e-257  2.7424e+236  80.6701  9.47426e-314 0  
1  1.15363e+240  2.09978e-257  2.28533e+236  80.6701  9.47426e-314 0  
2  9.88824e+239  1.79981e-257  1.95886e+236  81.0138  9.47426e-314 0  
1  8.2402e+239  1.49984e-257  1.63238e+236  81.0138  9.47426e-314 0  
2  7.06303e+239  1.28558e-257  1.39918e+236  81.5808  9.47426e-314 0  
1  5.88585e+239  1.07132e-257  1.16599e+236  81.5808  9.47426e-314 0  
2  5.04502e+239  9.18272e-258  9.99418e+235  84.7595  9.47426e-314 0  
1  4.20418e+239  7.65227e-258  8.32848e+235  84.7595  9.47426e-314 0  
2  3.60358e+239  6.55909e-258  7.1387e+235  80.0516  9.47426e-314 0  
1  3.00299e+239  5.46591e-258  5.94891e+235  80.0516  9.47426e-314 0  
2  2.57399e+239  4.68506e-258  5.09907e+235  80.3952  9.47426e-314 0  
1  2.14499e+239  3.90422e-258  4.24922e+235  80.3952  9.47426e-314 0  
2  1.83856e+239  3.34647e-258  3.64219e+235  79.9485  9.47426e-314 0  
1  1.53214e+239  2.78873e-258  3.03516e+235  79.9485  9.47426e-314 0  
2  1.31326e+239  2.39034e-258  2.60157e+235  80.0516  9.47426e-314 0  
1  1.09438e+239  1.99195e-258  2.16797e+235  80.0516  9.47426e-314 0  
2  9.38043e+238  1.70738e-258  1.85826e+235  80.5155  9.47426e-314 0  
1  7.81702e+238  1.42282e-258  1.54855e+235  80.5155  9.47426e-314 0  
2  6.7003e+238  1.21956e-258  1.32733e+235  80.2062  9.47426e-314 0  
1  5.58359e+238  1.0163e-258  1.10611e+235  80.2062  9.47426e-314 0  
2  4.78593e+238  8.71114e-259  9.48093e+234  81.4261  9.47426e-314 0  
1  3.98828e+238  7.25929e-259  7.90077e+234  81.4261  9.47426e-314 0  
2  3.41852e+238  6.22225e-259  6.77209e+234  80.9107  9.47426e-314 0  
1  2.84877e+238  5.1852e-259  5.64341e+234  80.9107  9.47426e-314 0  
2  2.4418e+238  4.44446e-259  4.83721e+234  81.89  9.47426e-314 0  
1  2.03483e+238  3.70372e-259  4.03101e+234  81.89  9.47426e-314 0  
2  1.74414e+238  3.17462e-259  3.45515e+234  81.1856  9.47426e-314 0  
1  1.45345e+238  2.64551e-259  2.87929e+234  81.1856  9.47426e-314 0  
2  1.24582e+238  2.26758e-259  2.46796e+234  80.3093  9.47426e-314 0  
1  1.03818e+238  1.88965e-259  2.05664e+234  80.3093  9.47426e-314 0  
2  8.89869e+237  1.6197e-259  1.76283e+234  76.5979  9.47426e-314 0  
1  7.41558e+237  1.34975e-259  1.46903e+234  76.5979  9.47426e-314 0  
2  6.35621e+237  1.15693e-259  1.25916e+234  79.7251  9.47426e-314 0  
1  5.29684e+237  9.64108e-260  1.0493e+234  79.7251  9.47426e-314 0  
2  4.54015e+237  8.26378e-260  8.99403e+233  77.8694  9.47426e-314 0  
1  3.78346e+237  6.88649e-260  7.49503e+233  77.8694  9.47426e-314 0  
2  3.24296e+237  5.9027e-260  6.42431e+233  80.9794  9.47426e-314 0  
1  2.70247e+237  4.91892e-260  5.35359e+233  80.9794  9.47426e-314 0  
2  2.3164e+237  4.21622e-260  4.58879e+233  80.8763  9.47426e-314 0  
1  1.93034e+237  3.51351e-260  3.82399e+233  80.8763  9.47426e-314 0  
2  1.65457e+237  3.01158e-260  3.27771e+233  81.3059  9.47426e-314 0  
1  1.37881e+237  2.50965e-260  2.73142e+233  81.3059  9.47426e-314 0  
2  1.18184e+237  2.15113e-260  2.34122e+233  81.323  9.47426e-314 0  
1  9.84865e+236  1.79261e-260  1.95102e+233  81.323  9.47426e-314 0  
2  8.4417e+236  1.53652e-260  1.6723e+233  81.0309  9.47426e-314 0  
1  7.03475e+236  1.28043e-260  1.39358e+233  81.0309  9.47426e-314 0  
2  6.02979e+236  1.09752e-260  1.1945e+233  80.9278  9.47426e-314 0  
1  5.02482e+236  9.14596e-261  9.95417e+232  80.9278  9.47426e-314 0  
2  4.30699e+236  7.8394e-261  8.53215e+232  80.378  9.47426e-314 0  
1  3.58916e+236  6.53283e-261  7.11012e+232  80.378  9.47426e-314 0  
2  3.07642e+236  5.59957e-261  6.09439e+232  80.6014  9.47426e-314 0  
1  2.56369e+236  4.66631e-261  5.07866e+232  80.6014  9.47426e-314 0  
2  2.19744e+236  3.99969e-261  4.35314e+232  80.378  9.47426e-314 0  
1  1.8312e+236  3.33308e-261  3.62761e+232  80.378  9.47426e-314 0  
2  1.5696e+236  2.85692e-261  3.10938e+232  81.3746  9.47426e-314 0  
1  1.308e+236  2.38077e-261  2.59115e+232  81.3746  9.47426e-314 0  
2  1.12115e+236  2.04066e-261  2.22099e+232  81.0138  9.47426e-314 0  
1  9.34288e+235  1.70055e-261  1.85082e+232  81.0138  9.47426e-314 0  
2  8.00818e+235  1.45761e-261  1.58642e+232  81.4949  9.47426e-314 0  
1  6.67348e+235  1.21468e-261  1.32202e+232  81.4949  9.47426e-314 0  
2  5.72013e+235  1.04115e-261  1.13316e+232  82.2165  9.47426e-314 0  
1  4.76677e+235  8.67627e-262  9.44297e+231  82.2165  9.47426e-314 0  
2  4.08581e+235  7.43681e-262  8.09398e+231  81.3918  9.47426e-314 0  
1  3.40484e+235  6.19734e-262  6.74498e+231  81.3918  9.47426e-314 0  
2  2.91843e+235  5.312e-262  5.78141e+231  81.0309  9.47426e-314 0  
1  2.43203e+235  4.42667e-262  4.81784e+231  81.0309  9.47426e-314 0  
2  2.08459e+235  3.79429e-262  4.12958e+231  81.6151  9.47426e-314 0  
1  1.73716e+235  3.16191e-262  3.44132e+231  81.6151  9.47426e-314 0  
2  1.489e+235  2.71021e-262  2.9497e+231  78.9004  9.47426e-314 0  
1  1.24083e+235  2.25851e-262  2.45808e+231  78.9004  9.47426e-314 0  
2  1.06357e+235  1.93586e-262  2.10693e+231  78.4364  9.47426e-314 0  
1  8.86307e+234  1.61322e-262  1.75577e+231  78.4364  9.47426e-314 0  
2  7.59692e+234  1.38276e-262  1.50495e+231  81.2199  9.47426e-314 0  
1  6.33077e+234  1.1523e-262  1.25412e+231  81.2199  9.47426e-314 0  
2  5.42637e+234  9.87684e-263  1.07496e+231  80.8763  9.47426e-314 0  
1  4.52198e+234  8.2307e-263  8.95803e+230  80.8763  9.47426e-314 0  
2  3.87598e+234  7.05489e-263  7.67831e+230  81.6495  9.47426e-314 0  
1  3.22998e+234  5.87907e-263  6.39859e+230  81.6495  9.47426e-314 0  
2  2.76856e+234  5.03921e-263  5.48451e+230  80.9966  9.47426e-314 0  
1  2.30713e+234  4.19934e-263  4.57042e+230  80.9966  9.47426e-314 0  
2  1.97754e+234  3.59943e-263  3.91751e+230  81.1856  9.47426e-314 0  
1  1.64795e+234  2.99953e-263  3.26459e+230  81.1856  9.47426e-314 0  
2  1.41253e+234  2.57102e-263  2.79822e+230  79.8626  9.47426e-314 0  
1  1.17711e+234  2.14252e-263  2.33185e+230  79.8626  9.47426e-314 0  
2  1.00895e+234  1.83645e-263  1.99873e+230  76.0825  9.47426e-314 0  
1  8.40791e+233  1.53037e-263  1.66561e+230  76.0825  9.47426e-314 0  
2  7.20678e+233  1.31175e-263  1.42766e+230  79.5533  9.47426e-314 0  
1  6.00565e+233  1.09312e-263  1.18972e+230  79.5533  9.47426e-314 0  
2  5.1477e+233  9.36962e-264  1.01976e+230  80.9966  9.47426e-314 0  
1  4.28975e+233  7.80802e-264  8.49799e+229  80.9966  9.47426e-314 0  
2  3.67693e+233  6.69259e-264  7.28399e+229  80.8248  9.47426e-314 0  
1  3.06411e+233  5.57715e-264  6.06999e+229  80.8248  9.47426e-314 0  
2  2.62638e+233  4.78042e-264  5.20285e+229  80.3952  9.47426e-314 0  
1  2.18865e+233  3.98368e-264  4.33571e+229  80.3952  9.47426e-314 0  
2  1.87598e+233  3.41458e-264  3.71632e+229  81.0997  9.47426e-314 0  
1  1.56332e+233  2.84549e-264  3.09694e+229  81.0997  9.47426e-314 0  
2  1.33999e+233  2.43899e-264  2.65452e+229  80.6701  9.47426e-314 0  
1  1.11666e+233  2.03249e-264  2.2121e+229  80.6701  9.47426e-314 0  
2  9.57135e+232  1.74213e-264  1.89608e+229  81.0138  9.47426e-314 0  
1  7.97612e+232  1.45178e-264  1.58007e+229  81.0138  9.47426e-314 0  
2  6.83668e+232  1.24438e-264  1.35435e+229  81.2887  9.47426e-314 0  
1  5.69723e+232  1.03699e-264  1.12862e+229  81.2887  9.47426e-314 0  
2  4.88334e+232  8.88844e-265  9.67389e+228  81.3059  9.47426e-314 0  
1  4.06945e+232  7.40704e-265  8.06158e+228  81.3059  9.47426e-314 0  
2  3.4881e+232  6.34889e-265  6.90992e+228  80.0687  9.47426e-314 0  
1  2.90675e+232  5.29074e-265  5.75827e+228  80.0687  9.47426e-314 0  
2  2.4915e+232  4.53492e-265  4.93566e+228  80.1718  9.47426e-314 0  
1  2.07625e+232  3.7791e-265  4.11305e+228  80.1718  9.47426e-314 0  
2  1.77964e+232  3.23923e-265  3.52547e+228  80.8763  9.47426e-314 0  
1  1.48304e+232  2.69936e-265  2.93789e+228  80.8763  9.47426e-314 0  
2  1.27117e+232  2.31373e-265  2.51819e+228  81.134  9.47426e-314 0  
1  1.05931e+232  1.92811e-265  2.09849e+228  81.134  9.47426e-314 0  
2  9.07981e+231  1.65267e-265  1.79871e+228  81.3918  9.47426e-314 0  
1  7.56651e+231  1.37722e-265  1.49892e+228  81.3918  9.47426e-314 0  
2  6.48558e+231  1.18048e-265  1.28479e+228  81.4949  9.47426e-314 0  
1  5.40465e+231  9.83731e-266  1.07066e+228  81.4949  9.47426e-314 0  
2  4.63256e+231  8.43198e-266  9.17709e+227  81.7526  9.47426e-314 0  
1  3.86046e+231  7.02665e-266  7.64758e+227  81.7526  9.47426e-314 0  
2  3.30897e+231  6.02284e-266  6.55506e+227  81.0481  9.47426e-314 0  
1  2.75747e+231  5.01903e-266  5.46255e+227  81.0481  9.47426e-314 0  
2  2.36355e+231  4.30203e-266  4.68219e+227  80.945  9.47426e-314 0  
1  1.96962e+231  3.58502e-266  3.90182e+227  80.945  9.47426e-314 0  
2  1.68825e+231  3.07288e-266  3.34442e+227  80.0172  9.47426e-314 0  
1  1.40687e+231  2.56073e-266  2.78702e+227  80.0172  9.47426e-314 0  
2  1.20589e+231  2.19491e-266  2.38887e+227  80.378  9.47426e-314 0  
1  1.00491e+231  1.82909e-266  1.99073e+227  80.378  9.47426e-314 0  
2  8.61352e+230  1.5678e-266  1.70634e+227  79.7251  9.47426e-314 0  
1  7.17793e+230  1.3065e-266  1.42195e+227  79.7251  9.47426e-314 0  
2  6.15251e+230  1.11985e-266  1.21881e+227  79.2096  9.47426e-314 0  
1  5.12709e+230  9.33211e-267  1.01568e+227  79.2096  9.47426e-314 0  
2  4.39465e+230  7.99895e-267  8.7058e+226  80.9966  9.47426e-314 0  
1  3.66221e+230  6.6658e-267  7.25483e+226  80.9966  9.47426e-314 0  
2  3.13904e+230  5.71354e-267  6.21843e+226  79.3815  9.47426e-314 0  
1  2.61586e+230  4.76128e-267  5.18202e+226  79.3815  9.47426e-314 0  
2  2.24217e+230  4.0811e-267  4.44174e+226  81.1512  9.47426e-314 0  
1  1.86847e+230  3.40092e-267  3.70145e+226  81.1512  9.47426e-314 0  
2  1.60155e+230  2.91507e-267  3.17267e+226  78.9691  9.47426e-314 0  
1  1.33462e+230  2.42923e-267  2.64389e+226  78.9691  9.47426e-314 0  
2  1.14396e+230  2.08219e-267  2.26619e+226  76.512  9.47426e-314 0  
1  9.53303e+229  1.73516e-267  1.88849e+226  76.512  9.47426e-314 0  
2  8.17117e+229  1.48728e-267  1.61871e+226  78.6942  9.47426e-314 0  
1  6.80931e+229  1.2394e-267  1.34892e+226  78.6942  9.47426e-314 0  
2  5.83655e+229  1.06234e-267  1.15622e+226  -17103.1  9.47426e-314 0  
1  4.86379e+229  8.85286e-268  9.63517e+225  -17103.1  9.47426e-314 0  
2  4.16897e+229  7.58817e-268  8.25872e+225  79.8797  9.47426e-314 0  
1  3.47414e+229  6.32347e-268  6.88226e+225  79.8797  9.47426e-314 0  
2  2.97783e+229  5.42012e-268  5.89908e+225  80.5327  9.47426e-314 0  
1  2.48153e+229  4.51677e-268  4.9159e+225  80.5327  9.47426e-314 0  
2  2.12702e+229  3.87151e-268  4.21363e+225  80.378  9.47426e-314 0  
1  1.77252e+229  3.22626e-268  3.51136e+225  80.378  9.47426e-314 0  
2  1.5193e+229  2.76537e-268  3.00974e+225  81.512  9.47426e-314 0  
1  1.26609e+229  2.30447e-268  2.50811e+225  81.512  9.47426e-314 0  
2  1.08522e+229  1.97526e-268  2.14981e+225  80.8419  9.47426e-314 0  
1  9.04347e+228  1.64605e-268  1.79151e+225  80.8419  9.47426e-314 0  
2  7.75154e+228  1.4109e-268  1.53558e+225  80.6529  9.47426e-314 0  
1  6.45962e+228  1.17575e-268  1.27965e+225  80.6529  9.47426e-314 0  
2  5.53682e+228  1.00779e-268  1.09684e+225  79.4158  9.47426e-314 0  
1  4.61401e+228  8.39822e-269  9.14036e+224  79.4158  9.47426e-314 0  
2  3.95487e+228  7.19848e-269  7.83459e+224  80.8419  9.47426e-314 0  
1  3.29572e+228  5.99873e-269  6.52883e+224  80.8419  9.47426e-314 0  
2  2.82491e+228  5.14177e-269  5.59614e+224  81.4949  9.47426e-314 0  
1  2.35409e+228  4.28481e-269  4.66345e+224  81.4949  9.47426e-314 0  
2  2.01779e+228  3.67269e-269  3.99724e+224  80.7045  9.47426e-314 0  
1  1.68149e+228  3.06058e-269  3.33103e+224  80.7045  9.47426e-314 0  
2  1.44128e+228  2.62335e-269  2.85517e+224  80.9966  9.47426e-314 0  
1  1.20107e+228  2.18613e-269  2.37931e+224  80.9966  9.47426e-314 0  
2  1.02948e+228  1.87382e-269  2.03941e+224  80.5498  9.47426e-314 0  
1  8.57904e+227  1.56152e-269  1.69951e+224  80.5498  9.47426e-314 0  
2  7.35346e+227  1.33845e-269  1.45672e+224  81.6667  9.47426e-314 0  
1  6.12788e+227  1.11537e-269  1.21393e+224  81.6667  9.47426e-314 0  
2  5.25247e+227  9.56032e-270  1.04051e+224  81.4433  9.47426e-314 0  
1  4.37706e+227  7.96693e-270  8.67095e+223  81.4433  9.47426e-314 0  
2  3.75177e+227  6.8288e-270  7.43225e+223  81.5636  9.47426e-314 0  
1  3.12647e+227  5.69067e-270  6.19354e+223  81.5636  9.47426e-314 0  
2  2.67983e+227  4.87772e-270  5.30875e+223  80.4983  9.47426e-314 0  
1  2.23319e+227  4.06476e-270  4.42396e+223  80.4983  9.47426e-314 0  
2  1.91417e+227  3.48408e-270  3.79196e+223  81.1168  9.47426e-314 0  
1  1.59514e+227  2.9034e-270  3.15997e+223  81.1168  9.47426e-314 0  
2  1.36726e+227  2.48863e-270  2.70854e+223  80.4124  9.47426e-314 0  
1  1.13938e+227  2.07386e-270  2.25712e+223  80.4124  9.47426e-314 0  
2  9.76616e+226  1.77759e-270  1.93467e+223  79.6735  9.47426e-314 0  
1  8.13846e+226  1.48133e-270  1.61223e+223  79.6735  9.47426e-314 0  
2  6.97583e+226  1.26971e-270  1.38191e+223  80.0859  9.47426e-314 0  
1  5.81319e+226  1.05809e-270  1.15159e+223  80.0859  9.47426e-314 0  
2  4.98273e+226  9.06935e-271  9.87079e+222  78.9863  9.47426e-314 0  
1  4.15228e+226  7.55779e-271  8.22566e+222  78.9863  9.47426e-314 0  
2  3.55909e+226  6.47811e-271  7.05056e+222  80.378  9.47426e-314 0  
1  2.96591e+226  5.39842e-271  5.87547e+222  80.378  9.47426e-314 0  
2  2.54221e+226  4.62722e-271  5.03612e+222  83.8144  9.47426e-314 0  
1  2.11851e+226  3.85602e-271  4.19676e+222  83.8144  9.47426e-314 0  
2  1.81586e+226  3.30516e-271  3.59723e+222  78.9519  9.47426e-314 0  
1  1.51322e+226  2.7543e-271  2.99769e+222  78.9519  9.47426e-314 0  
2  1.29705e+226  2.36083e-271  2.56945e+222  75.4811  9.47426e-314 0  
1  1.08087e+226  1.96736e-271  2.14121e+222  75.4811  9.47426e-314 0  
2  9.26462e+225  1.6863e-271  1.83532e+222  79.7766  9.47426e-314 0  
1  7.72051e+225  1.40525e-271  1.52943e+222  79.7766  9.47426e-314 0  
2  6.61758e+225  1.2045e-271  1.31094e+222  80.6186  9.47426e-314 0  
1  5.51465e+225  1.00375e-271  1.09245e+222  80.6186  9.47426e-314 0  
2  4.72684e+225  8.6036e-272  9.36387e+221  81.0653  9.47426e-314 0  
1  3.93904e+225  7.16966e-272  7.80323e+221  81.0653  9.47426e-314 0  
2  3.37632e+225  6.14543e-272  6.68848e+221  80.0859  9.47426e-314 0  
1  2.8136e+225  5.12119e-272  5.57373e+221  80.0859  9.47426e-314 0  
2  2.41166e+225  4.38959e-272  4.77749e+221  81.5292  9.47426e-314 0  
1  2.00971e+225  3.65799e-272  3.98124e+221  81.5292  9.47426e-314 0  
2  1.72261e+225  3.13542e-272  3.41249e+221  82.1306  9.47426e-314 0  
1  1.43551e+225  2.61285e-272  2.84374e+221  82.1306  9.47426e-314 0  
2  1.23044e+225  2.23959e-272  2.43749e+221  80.9278  9.47426e-314 0  
1  1.02536e+225  1.86632e-272  2.03124e+221  80.9278  9.47426e-314 0  
2  8.78883e+224  1.5997e-272  1.74107e+221  78.5395  9.47426e-314 0  
1  7.32403e+224  1.33309e-272  1.45089e+221  78.5395  9.47426e-314 0  
2  6.27774e+224  1.14265e-272  1.24362e+221  80.6186  9.47426e-314 0  
1  5.23145e+224  9.52205e-273  1.03635e+221  80.6186  9.47426e-314 0  
2  4.4841e+224  8.16176e-273  8.88299e+220  83.2646  9.47426e-314 0  
1  3.73675e+224  6.80147e-273  7.40249e+220  83.2646  9.47426e-314 0  
2  3.20293e+224  5.82983e-273  6.345e+220  81.134  9.47426e-314 0  
1  2.66911e+224  4.85819e-273  5.2875e+220  81.134  9.47426e-314 0  
2  2.2878e+224  4.16416e-273  4.53214e+220  80.0344  9.47426e-314 0  
1  1.9065e+224  3.47014e-273  3.77678e+220  80.0344  9.47426e-314 0  
2  1.63415e+224  2.9744e-273  3.23724e+220  81.0997  9.47426e-314 0  
1  1.36179e+224  2.47867e-273  2.6977e+220  81.0997  9.47426e-314 0  
2  1.16725e+224  2.12457e-273  2.31232e+220  81.2543  9.47426e-314 0  
1  9.72706e+223  1.77048e-273  1.92693e+220  81.2543  9.47426e-314 0  
2  8.33748e+223  1.51755e-273  1.65165e+220  81.4949  9.47426e-314 0  
1  6.9479e+223  1.26463e-273  1.37638e+220  81.4949  9.47426e-314 0  
2  5.95534e+223  1.08397e-273  1.17975e+220  81.1168  9.47426e-314 0  
1  4.96279e+223  9.03305e-274  9.83128e+219  81.1168  9.47426e-314 0  
2  4.25382e+223  7.74261e-274  8.42681e+219  80.1546  9.47426e-314 0  
1  3.54485e+223  6.45218e-274  7.02234e+219  80.1546  9.47426e-314 0  
2  3.03844e+223  5.53044e-274  6.01915e+219  80.5498  9.47426e-314 0  
1  2.53203e+223  4.6087e-274  5.01596e+219  80.5498  9.47426e-314 0  
2  2.17031e+223  3.95031e-274  4.29939e+219  81.0825  9.47426e-314 0  
1  1.8086e+223  3.29193e-274  3.58283e+219  81.0825  9.47426e-314 0  
2  1.55022e+223  2.82165e-274  3.07099e+219  81.1684  9.47426e-314 0  
1  1.29185e+223  2.35138e-274  2.55916e+219  81.1684  9.47426e-314 0  
2  1.1073e+223  2.01547e-274  2.19357e+219  78.7801  9.47426e-314 0  
1  9.22753e+222  1.67955e-274  1.82797e+219  78.7801  9.47426e-314 0  
2  7.90931e+222  1.43962e-274  1.56683e+219  80.4124  9.47426e-314 0  
1  6.59109e+222  1.19968e-274  1.30569e+219  80.4124  9.47426e-314 0  
2  5.64951e+222  1.0283e-274  1.11917e+219  80.0344  9.47426e-314 0  
1  4.70792e+222  8.56916e-275  9.32639e+218  80.0344  9.47426e-314 0  
2  4.03536e+222  7.34499e-275  7.99405e+218  80.9107  9.47426e-314 0  
1  3.3628e+222  6.12083e-275  6.66171e+218  80.9107  9.47426e-314 0  
2  2.8824e+222  5.24642e-275  5.71004e+218  79.0206  9.47426e-314 0  
1  2.402e+222  4.37202e-275  4.75836e+218  79.0206  9.47426e-314 0  
2  2.05886e+222  3.74744e-275  4.0786e+218  80.5498  9.47426e-314 0  
1  1.71572e+222  3.12287e-275  3.39883e+218  80.5498  9.47426e-314 0  
2  1.47061e+222  2.67675e-275  2.91328e+218  79.5361  9.47426e-314 0  
1  1.22551e+222  2.23062e-275  2.42774e+218  79.5361  9.47426e-314 0  
2  1.05044e+222  1.91196e-275  2.08092e+218  77.1478  9.47426e-314 0  
1  8.75365e+221  1.5933e-275  1.7341e+218  77.1478  9.47426e-314 0  
2  7.50313e+221  1.36569e-275  1.48637e+218  78.6426  9.47426e-314 0  
1  6.25261e+221  1.13807e-275  1.23864e+218  78.6426  9.47426e-314 0  
2  5.35938e+221  9.7549e-276  1.06169e+218  78.9691  9.47426e-314 0  
1  4.46615e+221  8.12909e-276  8.84743e+217  78.9691  9.47426e-314 0  
2  3.82813e+221  6.96779e-276  7.58352e+217  80.5842  9.47426e-314 0  
1  3.19011e+221  5.80649e-276  6.3196e+217  80.5842  9.47426e-314 0  
2  2.73438e+221  4.97699e-276  5.4168e+217  80.9622  9.47426e-314 0  
1  2.27865e+221  4.14749e-276  4.514e+217  80.9622  9.47426e-314 0  
2  1.95313e+221  3.55499e-276  3.86914e+217  81.3918  9.47426e-314 0  
1  1.6276e+221  2.9625e-276  3.22428e+217  81.3918  9.47426e-314 0  
2  1.39509e+221  2.53928e-276  2.76367e+217  81.9588  9.47426e-314 0  
1  1.16257e+221  2.11607e-276  2.30306e+217  81.9588  9.47426e-314 0  
2  9.96493e+220  1.81377e-276  1.97405e+217  80.9278  9.47426e-314 0  
1  8.30411e+220  1.51148e-276  1.64504e+217  80.9278  9.47426e-314 0  
2  7.11781e+220  1.29555e-276  1.41004e+217  81.1856  9.47426e-314 0  
1  5.9315e+220  1.07963e-276  1.17503e+217  81.1856  9.47426e-314 0  
2  5.08415e+220  9.25394e-277  1.00717e+217  80.7045  9.47426e-314 0  
1  4.23679e+220  7.71162e-277  8.39308e+216  80.7045  9.47426e-314 0  
2  3.63153e+220  6.60996e-277  7.19406e+216  81.323  9.47426e-314 0  
1  3.02628e+220  5.5083e-277  5.99505e+216  81.323  9.47426e-314 0  
2  2.59395e+220  4.7214e-277  5.13862e+216  81.4261  9.47426e-314 0  
1  2.16163e+220  3.9345e-277  4.28218e+216  81.4261  9.47426e-314 0  
2  1.85282e+220  3.37243e-277  3.67044e+216  80.8763  9.47426e-314 0  
1  1.54402e+220  2.81036e-277  3.0587e+216  80.8763  9.47426e-314 0  
2  1.32345e+220  2.40888e-277  2.62174e+216  81.4433  9.47426e-314 0  
1  1.10287e+220  2.0074e-277  2.18479e+216  81.4433  9.47426e-314 0  
2  9.45318e+219  1.72063e-277  1.87267e+216  81.7354  9.47426e-314 0  
1  7.87765e+219  1.43386e-277  1.56056e+216  81.7354  9.47426e-314 0  
2  6.75227e+219  1.22902e-277  1.33762e+216  80.5155  9.47426e-314 0  
1  5.62689e+219  1.02418e-277  1.11469e+216  80.5155  9.47426e-314 0  
2  4.82305e+219  8.77871e-278  9.55446e+215  81.7526  9.47426e-314 0  
1  4.01921e+219  7.31559e-278  7.96205e+215  81.7526  9.47426e-314 0  
2  3.44504e+219  6.2705e-278  6.82461e+215  81.7354  9.47426e-314 0  
1  2.87086e+219  5.22542e-278  5.68718e+215  81.7354  9.47426e-314 0  
2  2.46074e+219  4.47893e-278  4.87472e+215  81.1856  9.47426e-314 0  
1  2.05062e+219  3.73244e-278  4.06227e+215  81.1856  9.47426e-314 0  
2  1.75767e+219  3.19924e-278  3.48195e+215  80.4124  9.47426e-314 0  
1  1.46473e+219  2.66603e-278  2.90162e+215  80.4124  9.47426e-314 0  
2  1.25548e+219  2.28517e-278  2.4871e+215  80.0687  9.47426e-314 0  
1  1.04623e+219  1.90431e-278  2.07259e+215  80.0687  9.47426e-314 0  
2  8.96771e+218  1.63226e-278  1.7765e+215  80.6701  9.47426e-314 0  
1  7.47309e+218  1.36022e-278  1.48042e+215  80.6701  9.47426e-314 0  
2  6.40551e+218  1.1659e-278  1.26893e+215  81.2715  9.47426e-314 0  
1  5.33792e+218  9.71586e-279  1.05744e+215  81.2715  9.47426e-314 0  
2  4.57536e+218  8.32788e-279  9.06379e+214  81.8385  9.47426e-314 0  
1  3.8128e+218  6.9399e-279  7.55316e+214  81.8385  9.47426e-314 0  
2  3.26812e+218  5.94848e-279  6.47414e+214  80.3952  9.47426e-314 0  
1  2.72343e+218  4.95707e-279  5.39511e+214  80.3952  9.47426e-314 0  
2  2.33437e+218  4.24892e-279  4.62438e+214  77.6289  9.47426e-314 0  
1  1.94531e+218  3.54076e-279  3.85365e+214  77.6289  9.47426e-314 0  
2  1.66741e+218  3.03494e-279  3.30313e+214  79.0722  9.47426e-314 0  
1  1.38951e+218  2.52912e-279  2.75261e+214  79.0722  9.47426e-314 0  
2  1.191e+218  2.16781e-279  2.35938e+214  76.6151  9.47426e-314 0  
1  9.92504e+217  1.80651e-279  1.96615e+214  76.6151  9.47426e-314 0  
2  8.50718e+217  1.54844e-279  1.68527e+214  79.7423  9.47426e-314 0  
1  7.08931e+217  1.29037e-279  1.40439e+214  79.7423  9.47426e-314 0  
2  6.07655e+217  1.10603e-279  1.20376e+214  81.787  9.47426e-314 0  
1  5.0638e+217  9.2169e-280  1.00314e+214  81.787  9.47426e-314 0  
2  4.3404e+217  7.9002e-280  8.59832e+213  80.8935  9.47426e-314 0  
1  3.617e+217  6.5835e-280  7.16527e+213  80.8935  9.47426e-314 0  
2  3.10028e+217  5.643e-280  6.14166e+213  81.2199  9.47426e-314 0  
1  2.58357e+217  4.7025e-280  5.11805e+213  81.2199  9.47426e-314 0  
2  2.21449e+217  4.03071e-280  4.3869e+213  81.3402  9.47426e-314 0  
1  1.84541e+217  3.35893e-280  3.65575e+213  81.3402  9.47426e-314 0  
2  1.58178e+217  2.87908e-280  3.1335e+213  80.4639  9.47426e-314 0  
1  1.31815e+217  2.39923e-280  2.61125e+213  80.4639  9.47426e-314 0  
2  1.12984e+217  2.05649e-280  2.23821e+213  81.6839  9.47426e-314 0  
1  9.41534e+216  1.71374e-280  1.86518e+213  81.6839  9.47426e-314 0  
2  8.07029e+216  1.46892e-280  1.59872e+213  82.2509  9.47426e-314 0  
1  6.72524e+216  1.2241e-280  1.33227e+213  82.2509  9.47426e-314 0  
2  5.76449e+216  1.04923e-280  1.14195e+213  81.2199  9.47426e-314 0  
1  4.80374e+216  8.74357e-281  9.51621e+212  81.2199  9.47426e-314 0  
2  4.1175e+216  7.49448e-281  8.15675e+212  81.0309  9.47426e-314 0  
1  3.43125e+216  6.2454e-281  6.79729e+212  81.0309  9.47426e-314 0  
2  2.94107e+216  5.3532e-281  5.82625e+212  80.0516  9.47426e-314 0  
1  2.45089e+216  4.461e-281  4.85521e+212  80.0516  9.47426e-314 0  
2  2.10076e+216  3.82372e-281  4.16161e+212  80.1546  9.47426e-314 0  
1  1.75064e+216  3.18643e-281  3.46801e+212  80.1546  9.47426e-314 0  
2  1.50054e+216  2.73123e-281  2.97258e+212  81.134  9.47426e-314 0  
1  1.25045e+216  2.27602e-281  2.47715e+212  81.134  9.47426e-314 0  
2  1.07182e+216  1.95088e-281  2.12327e+212  81.3402  9.47426e-314 0  
1  8.93181e+215  1.62573e-281  1.76939e+212  81.3402  9.47426e-314 0  
2  7.65584e+215  1.39348e-281  1.51662e+212  81.0997  9.47426e-314 0  
1  6.37987e+215  1.16124e-281  1.26385e+212  81.0997  9.47426e-314 0  
2  5.46846e+215  9.95345e-282  1.0833e+212  81.5808  9.47426e-314 0  
1  4.55705e+215  8.29454e-282  9.02751e+211  81.5808  9.47426e-314 0  
2  3.90604e+215  7.10961e-282  7.73786e+211  80.8248  9.47426e-314 0  
1  3.25503e+215  5.92467e-282  6.44822e+211  80.8248  9.47426e-314 0  
2  2.79003e+215  5.07829e-282  5.52705e+211  80.4124  9.47426e-314 0  
1  2.32502e+215  4.23191e-282  4.60587e+211  80.4124  9.47426e-314 0  
2  1.99288e+215  3.62735e-282  3.94789e+211  79.055  9.47426e-314 0  
1  1.66073e+215  3.02279e-282  3.28991e+211  79.055  9.47426e-314 0  
2  1.42348e+215  2.59096e-282  2.81992e+211  82.0103  9.47426e-314 0  
1  1.18624e+215  2.15914e-282  2.34993e+211  82.0103  9.47426e-314 0  
2  1.01677e+215  1.85069e-282  2.01423e+211  79.3643  9.47426e-314 0  
1  8.47312e+214  1.54224e-282  1.67852e+211  79.3643  9.47426e-314 0  
2  7.26268e+214  1.32192e-282  1.43874e+211  81.2887  9.47426e-314 0  
1  6.05223e+214  1.1016e-282  1.19895e+211  81.2887  9.47426e-314 0  
2  5.18763e+214  9.44229e-283  1.02767e+211  80.9966  9.47426e-314 0  
1  4.32302e+214  7.86857e-283  8.5639e+210  80.9966  9.47426e-314 0  
2  3.70545e+214  6.74449e-283  7.34049e+210  81.6151  9.47426e-314 0  
1  3.08787e+214  5.62041e-283  6.11707e+210  81.6151  9.47426e-314 0  
2  2.64675e+214  4.81749e-283  5.2432e+210  82.3024  9.47426e-314 0  
1  2.20562e+214  4.01458e-283  4.36934e+210  82.3024  9.47426e-314 0  
2  1.89053e+214  3.44107e-283  3.74515e+210  80.8076  9.47426e-314 0  
1  1.57545e+214  2.86756e-283  3.12096e+210  80.8076  9.47426e-314 0  
2  1.35038e+214  2.45791e-283  2.6751e+210  75.3093  9.47426e-314 0  
1  1.12532e+214  2.04825e-283  2.22925e+210  75.3093  9.47426e-314 0  
2  9.64558e+213  1.75565e-283  1.91079e+210  77.4055  9.47426e-314 0  
1  8.03799e+213  1.46304e-283  1.59232e+210  77.4055  9.47426e-314 0  
2  6.8897e+213  1.25403e-283  1.36485e+210  80.3952  9.47426e-314 0  
1  5.74142e+213  1.04503e-283  1.13737e+210  80.3952  9.47426e-314 0  
2  4.92122e+213  8.95738e-284  9.74892e+209  80.3608  9.47426e-314 0  
1  4.10101e+213  7.46448e-284  8.1241e+209  80.3608  9.47426e-314 0  
2  3.51515e+213  6.39813e-284  6.96352e+209  81.5636  9.47426e-314 0  
1  2.92929e+213  5.33177e-284  5.80293e+209  81.5636  9.47426e-314 0  
2  2.51082e+213  4.57009e-284  4.97394e+209  81.7182  9.47426e-314 0  
1  2.09235e+213  3.80841e-284  4.14495e+209  81.7182  9.47426e-314 0  
2  1.79345e+213  3.26435e-284  3.55281e+209  81.1512  9.47426e-314 0  
1  1.49454e+213  2.72029e-284  2.96068e+209  81.1512  9.47426e-314 0  
2  1.28103e+213  2.33168e-284  2.53772e+209  89.7938  9.47426e-314 0  
1  1.06753e+213  1.94307e-284  2.11477e+209  89.7938  9.47426e-314 0  
2  9.15023e+212  1.66549e-284  1.81266e+209  80.1203  9.47426e-314 0  
1  7.6252e+212  1.3879e-284  1.51055e+209  80.1203  9.47426e-314 0  
2  6.53588e+212  1.18963e-284  1.29476e+209  80.6186  9.47426e-314 0  
1  5.44657e+212  9.91361e-285  1.07896e+209  80.6186  9.47426e-314 0  
2  4.66849e+212  8.49738e-285  9.24827e+208  80.7217  9.47426e-314 0  
1  3.89041e+212  7.08115e-285  7.70689e+208  80.7217  9.47426e-314 0  
2  3.33463e+212  6.06955e-285  6.60591e+208  81.976  9.47426e-314 0  
1  2.77886e+212  5.05796e-285  5.50492e+208  81.976  9.47426e-314 0  
2  2.38188e+212  4.3354e-285  4.7185e+208  80.6873  9.47426e-314 0  
1  1.9849e+212  3.61283e-285  3.93209e+208  80.6873  9.47426e-314 0  
2  1.70134e+212  3.09671e-285  3.37036e+208  81.3059  9.47426e-314 0  
1  1.41779e+212  2.58059e-285  2.80863e+208  81.3059  9.47426e-314 0  
2  1.21525e+212  2.21194e-285  2.4074e+208  81.5636  9.47426e-314 0  
1  1.0127e+212  1.84328e-285  2.00617e+208  81.5636  9.47426e-314 0  
2  8.68032e+211  1.57995e-285  1.71957e+208  82.1134  9.47426e-314 0  
1  7.2336e+211  1.31663e-285  1.43298e+208  82.1134  9.47426e-314 0  
2  6.20023e+211  1.12854e-285  1.22827e+208  81.2028  9.47426e-314 0  
1  5.16686e+211  9.40449e-286  1.02355e+208  81.2028  9.47426e-314 0  
2  4.42874e+211  8.06099e-286  8.77332e+207  82.0103  9.47426e-314 0  
1  3.69061e+211  6.71749e-286  7.3111e+207  82.0103  9.47426e-314 0  
2  3.16338e+211  5.75785e-286  6.26666e+207  80.9966  9.47426e-314 0  
1  2.63615e+211  4.79821e-286  5.22222e+207  80.9966  9.47426e-314 0  
2  2.25956e+211  4.11275e-286  4.47619e+207  80.7904  9.47426e-314 0  
1  1.88297e+211  3.42729e-286  3.73015e+207  80.7904  9.47426e-314 0  
2  1.61397e+211  2.93768e-286  3.19728e+207  -17101.8  9.47426e-314 0  
1  1.34498e+211  2.44807e-286  2.6644e+207  -17101.8  9.47426e-314 0  
2  1.15284e+211  2.09834e-286  2.28377e+207  79.6048  9.47426e-314 0  
1  9.60697e+210  1.74862e-286  1.90314e+207  79.6048  9.47426e-314 0  
2  8.23455e+210  1.49882e-286  1.63126e+207  80.2921  9.47426e-314 0  
1  6.86212e+210  1.24901e-286  1.35939e+207  80.2921  9.47426e-314 0  
2  5.88182e+210  1.07058e-286  1.16519e+207  80.6873  9.47426e-314 0  
1  4.90152e+210  8.92153e-287  9.7099e+206  80.6873  9.47426e-314 0  
2  4.2013e+210  7.64702e-287  8.32277e+206  81.4433  9.47426e-314 0  
1  3.50108e+210  6.37252e-287  6.93564e+206  81.4433  9.47426e-314 0  
2  3.00093e+210  5.46216e-287  5.94484e+206  81.2028  9.47426e-314 0  
1  2.50077e+210  4.5518e-287  4.95403e+206  81.2028  9.47426e-314 0  
2  2.14352e+210  3.90154e-287  4.24631e+206  79.055  9.47426e-314 0  
1  1.78627e+210  3.25128e-287  3.53859e+206  79.055  9.47426e-314 0  
2  1.53109e+210  2.78682e-287  3.03308e+206  75.7045  9.47426e-314 0  
1  1.2759e+210  2.32235e-287  2.52757e+206  75.7045  9.47426e-314 0  
2  1.09363e+210  1.99058e-287  2.16649e+206  78.9004  9.47426e-314 0  
1  9.11361e+209  1.65882e-287  1.8054e+206  78.9004  9.47426e-314 0  
2  7.81166e+209  1.42184e-287  1.54749e+206  80.2749  9.47426e-314 0  
1  6.50972e+209  1.18487e-287  1.28957e+206  80.2749  9.47426e-314 0  
2  5.57976e+209  1.0156e-287  1.10535e+206  79.1409  9.47426e-314 0  
1  4.6498e+209  8.46336e-288  9.21125e+205  79.1409  9.47426e-314 0  
2  3.98554e+209  7.25431e-288  7.89535e+205  78.5052  9.47426e-314 0  
1  3.32128e+209  6.04526e-288  6.57946e+205  78.5052  9.47426e-314 0  
2  2.84682e+209  5.18165e-288  5.63954e+205  77.6289  9.47426e-314 0  
1  2.37235e+209  4.31804e-288  4.69962e+205  77.6289  9.47426e-314 0  
2  2.03344e+209  3.70118e-288  4.02824e+205  80.5842  9.47426e-314 0  
1  1.69453e+209  3.08432e-288  3.35687e+205  80.5842  9.47426e-314 0  
2  1.45246e+209  2.6437e-288  2.87732e+205  80.4296  9.47426e-314 0  
1  1.21038e+209  2.20308e-288  2.39776e+205  80.4296  9.47426e-314 0  
2  1.03747e+209  1.88836e-288  2.05523e+205  82.5258  9.47426e-314 0  
1  8.64558e+208  1.57363e-288  1.71269e+205  82.5258  9.47426e-314 0  
2  7.41049e+208  1.34883e-288  1.46802e+205  81.4433  9.47426e-314 0  
1  6.17541e+208  1.12402e-288  1.22335e+205  81.4433  9.47426e-314 0  
2  5.29321e+208  9.63447e-289  1.04858e+205  82.165  9.47426e-314 0  
1  4.41101e+208  8.02873e-289  8.7382e+204  82.165  9.47426e-314 0  
2  3.78086e+208  6.88176e-289  7.48989e+204  80.0687  9.47426e-314 0  
1  3.15072e+208  5.7348e-289  6.24157e+204  80.0687  9.47426e-314 0  
2  2.70062e+208  4.91555e-289  5.34992e+204  77.4055  9.47426e-314 0  
1  2.25051e+208  4.09629e-289  4.45827e+204  77.4055  9.47426e-314 0  
2  1.92901e+208  3.5111e-289  3.82137e+204  80.6529  9.47426e-314 0  
1  1.60751e+208  2.92592e-289  3.18448e+204  80.6529  9.47426e-314 0  
2  1.37787e+208  2.50793e-289  2.72955e+204  76.4605  9.47426e-314 0  
1  1.14822e+208  2.08994e-289  2.27463e+204  76.4605  9.47426e-314 0  
2  9.8419e+207  1.79138e-289  1.94968e+204  79.811  9.47426e-314 0  
1  8.20158e+207  1.49282e-289  1.62473e+204  79.811  9.47426e-314 0  
2  7.02993e+207  1.27956e-289  1.39263e+204  80.6014  9.47426e-314 0  
1  5.85827e+207  1.0663e-289  1.16052e+204  80.6014  9.47426e-314 0  
2  5.02138e+207  9.13969e-290  9.94735e+203  81.3059  9.47426e-314 0  
1  4.18448e+207  7.61641e-290  8.28945e+203  81.3059  9.47426e-314 0  
2  3.5867e+207  6.52835e-290  7.10525e+203  80.9966  9.47426e-314 0  
1  2.98892e+207  5.44029e-290  5.92104e+203  80.9966  9.47426e-314 0  
2  2.56193e+207  4.66311e-290  5.07518e+203  80.8591  9.47426e-314 0  
1  2.13494e+207  3.88592e-290  4.22931e+203  80.8591  9.47426e-314 0  
2  1.82995e+207  3.33079e-290  3.62513e+203  81.3059  9.47426e-314 0  
1  1.52496e+207  2.77566e-290  3.02094e+203  81.3059  9.47426e-314 0  
2  1.30711e+207  2.37914e-290  2.58938e+203  81.7182  9.47426e-314 0  
1  1.08925e+207  1.98261e-290  2.15781e+203  81.7182  9.47426e-314 0  
2  9.33647e+206  1.69938e-290  1.84955e+203  81.3402  9.47426e-314 0  
1  7.78039e+206  1.41615e-290  1.54129e+203  81.3402  9.47426e-314 0  
2  6.66891e+206  1.21385e-290  1.32111e+203  81.701  9.47426e-314 0  
1  5.55742e+206  1.01154e-290  1.10092e+203  81.701  9.47426e-314 0  
2  4.76351e+206  8.67032e-291  9.4365e+202  81.4433  9.47426e-314 0  
1  3.96959e+206  7.22527e-291  7.86375e+202  81.4433  9.47426e-314 0  
2  3.4025e+206  6.19309e-291  6.74036e+202  81.5292  9.47426e-314 0  
1  2.83542e+206  5.16091e-291  5.61696e+202  81.5292  9.47426e-314 0  
2  2.43036e+206  4.42364e-291  4.81454e+202  82.079  9.47426e-314 0  
1  2.0253e+206  3.68636e-291  4.01212e+202  82.079  9.47426e-314 0  
2  1.73597e+206  3.15974e-291  3.43896e+202  80.7904  9.47426e-314 0  
